body_index,force_x,force_y
0,4608.77,-3184.61
1,-1.10347e+08,1.13928e+08
2,3.55878e+07,1.33724e+08
3,-6.19458e+06,1.50576e+08
4,9.16224e+07,1.16797e+08
5,6.23012e+07,-1.31249e+08
6,-1.10074e+08,-9.44531e+07
7,1.30189e+08,-1.15039e+07
8,-1.41151e+08,7.35368e+06
9,8.6474e+07,-1.24541e+08
10,9.62123e+07,-9.84831e+07
11,1.36506e+08,1.0724e+07
12,4.02882e+07,1.26584e+08
13,-1.29334e+08,-317574
14,8.71632e+07,-9.99668e+07
15,-1.30452e+08,-1.18022e+07
16,1.32482e+08,4.77902e+06
17,-1.20902e+08,-1.1247e+07
18,-9.14816e+07,7.63208e+07
19,-5.79126e+06,-1.17528e+08
20,1.1941e+08,1.07947e+07
21,9.05952e+06,1.12418e+08
22,5.75844e+07,9.54683e+07
23,9.72809e+07,-4.33705e+07
24,2.53787e+07,-1.03402e+08
25,-4.73859e+07,-9.1076e+07
26,-9.60151e+07,3.23307e+07
27,-7.11382e+07,7.89306e+07
28,-9.86451e+07,2.55692e+07
29,-3.50342e+07,9.37389e+07
30,-7.47083e+07,-6.91114e+07
31,4.95102e+07,8.53494e+07
32,-1.03157e+08,-1.98085e+06
33,-6.13492e+07,-6.18842e+07
34,-5.23527e+07,8.11705e+07
35,-4.74776e+06,-9.37582e+07
36,-9.18049e+07,-7.94381e+06
37,5.28562e+07,7.52718e+07
38,-8.45266e+07,-3.63798e+07
39,-4.53211e+07,-8.59609e+07
40,8.33469e+07,-4.08958e+07
41,4.06036e+07,-8.06345e+07
42,-8.57886e+07,-2.8568e+07
43,8.59885e+07,2.60685e+07
44,-4.69177e+07,-7.65563e+07
45,-6.96118e+06,8.48181e+07
46,-8.12705e+07,-2.33341e+07
47,4.49204e+07,6.06027e+07
48,7.69283e+07,2.98156e+07
49,-3.53527e+07,-6.90835e+07
50,-1.10777e+07,8.1794e+07
51,5.50609e+07,-5.96339e+07
52,-2.63916e+07,7.96531e+07
53,-7.48139e+07,1.766e+07
54,-3.09921e+07,-7.57651e+07
55,-7.97081e+07,-1.81562e+07
56,2.59569e+07,7.23266e+07
57,4.61351e+07,7.43332e+07
58,-5.64845e+07,-5.46726e+07
59,-1.53816e+07,-7.46688e+07
60,-6.77553e+07,-2.96452e+07
61,-7.08873e+07,2.09967e+07
62,-4.89686e+07,-4.51564e+07
63,-4.16532e+07,-5.75098e+07
64,-1.75061e+07,-7.27696e+07
65,-5.45575e+07,4.12003e+07
66,3.46966e+07,6.34167e+07
67,-6.99413e+07,2.17931e+07
68,-6.95223e+07,1.09621e+07
69,-3.92121e+07,-6.21498e+07
70,5.23005e+07,-4.29281e+07
71,6.41576e+07,-2.62243e+07
72,-6.60827e+07,-1.59091e+07
73,-2.05687e+06,-6.47235e+07
74,-6.49289e+07,-3.23508e+07
75,-3.94539e+07,-5.18696e+07
76,4.00932e+07,4.96535e+07
77,3.44588e+07,-4.68165e+07
78,2.78465e+07,5.6086e+07
79,1.43831e+07,-6.19152e+07
80,5.34855e+07,2.29433e+07
81,-6.05947e+07,3.90714e+06
82,-3.98719e+07,-4.49058e+07
83,3.92339e+07,-4.66936e+07
84,1.08651e+07,-5.71666e+07
85,4.32393e+07,3.83075e+07
86,4.46335e+07,-3.98174e+07
87,5.40581e+07,2.43763e+07
88,-3.58922e+07,-4.7742e+07
89,-1.41526e+07,-5.55345e+07
90,3.8081e+07,-4.94149e+07
91,-9.20568e+06,-5.20275e+07
92,-2.39306e+07,-5.07676e+07
93,1.81349e+07,5.45818e+07
94,1.30778e+07,-5.32981e+07
95,4.00999e+06,5.58407e+07
96,-4.72548e+07,2.11682e+07
97,-5.20836e+07,-1.98592e+07
98,3.68704e+07,4.13124e+07
99,-5.51157e+07,1.04452e+07
100,-6.98136e+06,-5.8237e+07
101,5.20925e+07,-5.60647e+06
102,2.66406e+07,-4.73077e+07
103,-1.9344e+07,4.85638e+07
104,-2.48749e+07,4.65066e+07
105,-4.43009e+07,-3.96343e+07
106,4.50886e+07,2.36821e+07
107,3.37696e+07,-3.9198e+07
108,4.96671e+07,2.51651e+06
109,-2.60862e+07,4.37152e+07
110,-4.33156e+07,-2.70953e+07
111,4.38705e+07,-2.01224e+07
112,3.21792e+06,4.96415e+07
113,-3.85056e+07,2.85634e+07
114,4.6216e+07,-1.21042e+07
115,-4.79411e+07,1.51607e+07
116,-8.96495e+06,-4.77942e+07
117,-1.86647e+06,-4.58062e+07
118,4.64879e+07,-956044
119,-4.56172e+07,-7.17796e+06
120,-1.93007e+07,4.54547e+07
121,4.76703e+07,520530
122,-3.31534e+07,-3.12414e+07
123,2.79142e+07,-3.67791e+07
124,-3.16378e+07,3.12493e+07
125,4.29346e+07,1.54001e+07
126,3.96245e+07,2.29511e+07
127,3.67386e+07,2.77916e+07
128,-1.19653e+07,4.22361e+07
129,-3.42815e+07,2.92386e+07
130,1.71885e+07,4.01341e+07
131,4.10958e+07,-1.62106e+07
132,-1.88549e+07,3.92698e+07
133,-1.67489e+07,-4.25021e+07
134,-3.88779e+07,2.01025e+07
135,1.20344e+07,4.17426e+07
136,-2.43106e+07,-3.42621e+07
137,-1.30382e+07,-3.71471e+07
138,3.97969e+07,6.27347e+06
139,-1.26596e+07,-3.49436e+07
140,388223,-4.59915e+07
141,3.82969e+07,2.41855e+07
142,-1.43809e+07,-3.37242e+07
143,-1.83949e+06,-4.10305e+07
144,7.68664e+06,3.84175e+07
145,-3.46331e+07,1.00644e+07
146,-6.43291e+06,3.60452e+07
147,-3.25597e+07,2.24707e+07
148,-4.49455e+07,-4.00751e+06
149,2.70099e+07,-2.51018e+07
150,3.6776e+07,-9.10444e+06
151,2.93741e+06,-4.35063e+07
152,3.47286e+07,1.30454e+07
153,-4.57194e+07,-4.51632e+06
154,-1.51813e+07,4.02787e+07
155,-3.53375e+07,-1.48768e+07
156,1.62155e+07,-3.30585e+07
157,-3.6801e+07,7.49565e+06
158,-2.07823e+07,3.18397e+07
159,-2.98488e+07,1.63228e+07
160,3.74225e+07,-2.117e+07
161,-3.82442e+07,1.04926e+07
162,3.62582e+07,-9.68415e+06
163,2.92775e+07,-2.43366e+07
164,2.11338e+07,-2.88326e+07
165,1.49683e+07,-3.38312e+07
166,-3.83881e+07,4.84135e+06
167,3.42495e+07,-1.56269e+07
168,3.6348e+07,2.04076e+07
169,1.17025e+07,3.45551e+07
170,-1.18131e+07,3.33232e+07
171,-3.93274e+07,3.40226e+06
172,-2.68917e+07,2.01598e+07
173,3.42836e+07,6.85018e+06
174,3.39339e+07,-6.76619e+06
175,-1.48605e+07,-3.22506e+07
176,1.33629e+07,-3.15745e+07
177,-3.01965e+07,-1.46662e+07
178,3.58476e+07,1.93906e+06
179,2.52526e+07,-2.23765e+07
180,-1.16098e+06,-3.43704e+07
181,-2.30833e+07,2.60795e+07
182,3.0752e+07,-1.51226e+07
183,3.36333e+07,-6.07344e+06
184,-2.83935e+07,-2.07837e+07
185,-1.35606e+07,-3.34428e+07
186,-2.85142e+07,-1.28866e+07
187,3.18473e+07,-5.07672e+06
188,3.31794e+07,1.17876e+06
189,1.62402e+07,3.00724e+07
190,2.57984e+07,2.11244e+07
191,1.90242e+07,2.42167e+07
192,9.06017e+06,2.96096e+07
193,6.48537e+06,3.32909e+07
194,1.76395e+07,2.34149e+07
195,2.86292e+07,1.53841e+07
196,-8.99836e+06,2.63823e+07
197,4.36738e+06,-3.05027e+07
198,-5.71171e+06,3.21213e+07
199,-3.17843e+07,1.16327e+06
200,-2.4795e+07,-1.88219e+07
201,1.73966e+07,2.6642e+07
202,1.86543e+06,-2.96291e+07
203,1.26531e+07,2.76352e+07
204,-1.0086e+07,2.7678e+07
205,-1.5617e+07,2.88419e+07
206,-1.49732e+07,2.70299e+07
207,2.86681e+07,8.13485e+06
208,-2.83037e+07,-1.24787e+07
209,-2.03716e+07,-2.16112e+07
210,7.62991e+06,-3.05774e+07
211,-8.80485e+06,-2.83848e+07
212,-3.93811e+06,2.80758e+07
213,-2.38816e+07,-1.83124e+07
214,1.69173e+07,-2.48095e+07
215,-2.00301e+07,-2.34433e+07
216,2.52181e+07,-1.65449e+07
217,9.9597e+06,2.75348e+07
218,-2.79173e+07,-850093
219,2.06336e+07,1.90831e+07
220,781540,-2.67344e+07
221,2.42004e+07,1.51304e+07
222,-2.82732e+07,-1.0831e+07
223,-1.95417e+07,2.04405e+07
224,2.81831e+07,8.95481e+06
225,2.8907e+07,-6.76155e+06
226,-2.74681e+07,8.17181e+06
227,2.66311e+07,-1.01116e+07
228,9.72754e+06,-2.49681e+07
229,-7.07189e+06,2.68748e+07
230,-1.14658e+07,2.62039e+07
231,-2.70588e+07,-1.42569e+06
232,2.39002e+07,1.36344e+07
233,1.05635e+07,2.70872e+07
234,1.07096e+07,-2.43938e+07
235,-1.07765e+07,-2.58745e+07
236,-1.80906e+07,2.06311e+07
237,1.52618e+07,-1.9949e+07
238,5.33597e+06,-2.60082e+07
239,-1.81953e+07,-2.13594e+07
240,4.51848e+06,2.57091e+07
241,2.45074e+06,-2.96491e+07
242,-2.55483e+07,-7.89148e+06
243,-1.10063e+06,-2.46618e+07
244,1.75001e+07,1.8059e+07
245,2.58259e+07,4.02812e+06
246,1.63592e+07,-2.01438e+07
247,-1.80968e+07,2.06217e+07
248,2.35264e+07,-1.22591e+07
249,1.66886e+07,1.91526e+07
250,8.9649e+06,2.41747e+07
251,-3.82629e+06,2.56891e+07
252,-2.5197e+07,5.2334e+06
253,1.18888e+07,-2.37615e+07
254,-2.38134e+07,6.87663e+06
255,7.57535e+06,-2.30231e+07
256,1.6681e+07,-1.91282e+07
257,2.58898e+07,334936
258,2.07857e+07,1.32813e+07
259,1.28341e+07,-2.50172e+07
260,-2.05688e+07,-1.70576e+07
261,-1.40297e+07,-2.0265e+07
262,3.33986e+06,-2.4739e+07
263,2.56376e+07,4.95594e+06
264,1.83585e+07,-1.76211e+07
265,1.76222e+07,1.6278e+07
266,-2.29894e+07,-8.88751e+06
267,-9.15726e+06,2.3922e+07
268,-2.4607e+07,-6.03409e+06
269,-2.2554e+07,-8.11245e+06
270,-2.6671e+07,-2.93864e+06
271,1.68636e+07,1.92134e+07
272,2.34622e+07,-5.26242e+06
273,-1.17601e+07,2.12096e+07
274,3.2354e+06,2.35832e+07
275,-2.19435e+07,1.53817e+06
276,1.75216e+07,-1.76976e+07
277,-1.38407e+07,1.69746e+07
278,-2.17502e+07,-1.18723e+07
279,-2.02654e+07,1.8513e+07
280,1.69017e+07,-1.82648e+07
281,-2.13515e+07,-1.22322e+07
282,1.05705e+07,-2.30024e+07
283,2.0608e+07,-1.05963e+07
284,8.47652e+06,2.2371e+07
285,2.36243e+07,5.31649e+06
286,2.61195e+07,-4.59139e+06
287,-1.87718e+07,1.48776e+07
288,2.02776e+07,-1.082e+07
289,-2.25903e+07,-9.94437e+06
290,5.23911e+06,2.17318e+07
291,1.97558e+07,1.02402e+07
292,2.07423e+07,-8.95442e+06
293,1.44126e+07,1.91358e+07
294,1.80225e+07,1.24265e+07
295,1.21092e+07,-1.99779e+07
296,4.45789e+06,-2.26566e+07
297,-1.35639e+07,-1.83576e+07
298,1.7804e+07,1.61353e+07
299,1.94163e+07,-1.38994e+07
300,1.67129e+07,1.69496e+07
301,-1.08596e+07,-2.04849e+07
302,2.05124e+07,1.14911e+07
303,-4.84481e+06,-2.02871e+07
304,2.38501e+07,-9.52004e+06
305,5.1303e+06,-2.31159e+07
306,4.72007e+06,2.15032e+07
307,1.71976e+07,-1.48858e+07
308,-2.06199e+07,8.7852e+06
309,-1.49836e+07,2.00261e+07
310,-8.28985e+06,-2.04674e+07
311,1.17678e+07,-1.7608e+07
312,1.96913e+07,8.92547e+06
313,1.67515e+07,1.61356e+07
314,1.04292e+07,-1.64999e+07
315,-2.25463e+07,-2.49522e+06
316,-1.07246e+07,1.89333e+07
317,-1.37562e+07,-1.80034e+07
318,-2.38948e+07,-3.67381e+06
319,1.47899e+06,2.02184e+07
320,-6.75574e+06,-1.9311e+07
321,-2.75988e+06,-2.17237e+07
322,-6.4403e+06,-1.92397e+07
323,7.24353e+06,1.96239e+07
324,1.45438e+07,-1.65852e+07
325,-808572,2.30436e+07
326,1.39007e+07,-1.89073e+07
327,1.80098e+07,1.29652e+07
328,4.4839e+06,2.19458e+07
329,2.38829e+06,1.90087e+07
330,-2.19953e+07,-17978.7
331,2.03082e+07,5.82035e+06
332,-1.6081e+07,-1.20406e+07
333,1.60635e+07,1.4997e+07
334,-406684,-2.14957e+07
335,3.60756e+06,-2.16116e+07
336,-7.10529e+06,1.98711e+07
337,-1.5653e+07,1.312e+07
338,-2.36824e+07,-970238
339,-965697,2.05431e+07
340,310427,2.04961e+07
341,-1.6737e+07,-1.31094e+07
342,1.39221e+07,-1.82184e+07
343,2.0816e+07,-4.62088e+06
344,6.95943e+06,1.90413e+07
345,-1.99575e+07,4.35445e+06
346,-8.51166e+06,1.83809e+07
347,-2.03709e+07,2.48323e+06
348,-1.58007e+07,-1.37122e+07
349,-2.06339e+07,3.10313e+06
350,1.30112e+07,1.57179e+07
351,1.09394e+07,1.69969e+07
352,-5.24473e+06,-1.92335e+07
353,-1.26998e+07,1.58929e+07
354,-1.75572e+07,-1.02479e+07
355,1.92333e+07,-7.87583e+06
356,-5.36421e+06,-1.99427e+07
357,1.40632e+06,2.01872e+07
358,-1.85416e+07,6.89956e+06
359,1.28818e+07,1.58972e+07
360,2.00177e+07,-7.43608e+06
361,1.24282e+07,-1.66022e+07
362,-4.45977e+06,1.86689e+07
363,-1.95088e+07,-5.16507e+06
364,1.53265e+07,-8.68426e+06
365,-1.70823e+07,-7.82387e+06
366,-3.55939e+06,-1.89792e+07
367,5.89867e+06,1.9382e+07
368,-1.99585e+07,1.17985e+06
369,-3.00637e+06,1.90553e+07
370,-9.03007e+06,1.74204e+07
371,-5.58507e+06,-1.88802e+07
372,1.45101e+06,1.79288e+07
373,7.65446e+06,1.82161e+07
374,-5.22267e+06,1.9832e+07
375,1.76801e+06,1.88942e+07
376,-1.34063e+07,1.3259e+07
377,-1.76306e+07,-1.05306e+06
378,1.8768e+07,3.84464e+06
379,398775,-1.97439e+07
380,1.43839e+07,1.31929e+07
381,-1.24641e+06,1.97987e+07
382,1.59972e+07,-8.36876e+06
383,1.83965e+07,-8.70859e+06
384,1.87595e+07,-1.59101e+06
385,5.0652e+06,-1.80405e+07
386,8.34594e+06,-1.67135e+07
387,-6.32627e+06,1.78479e+07
388,-1.9035e+07,-1.94693e+06
389,1.39891e+07,-1.31374e+07
390,1.71726e+07,8.43865e+06
391,-71997.7,1.9803e+07
392,1.03419e+06,-1.9082e+07
393,1.7771e+07,-4.83977e+06
394,-1.88998e+07,2.39227e+06
395,1.76299e+07,-9.46856e+06
396,-196467,1.85363e+07
397,1.42337e+07,1.07879e+07
398,1.68727e+07,6.88665e+06
399,-1.6281e+07,-8.99665e+06
400,-1.1838e+07,1.36289e+07
401,8.83578e+06,1.62697e+07
402,-1.00983e+07,1.48676e+07
403,-7.48158e+06,1.64838e+07
404,1.08734e+07,-1.3577e+07
405,-1.32167e+07,-1.18646e+07
406,-5.56028e+06,-1.7712e+07
407,9.46935e+06,1.48144e+07
408,8.74994e+06,-1.63344e+07
409,-1.1651e+07,-1.28426e+07
410,-9.24081e+06,1.51668e+07
411,7.18096e+06,-1.6522e+07
412,-3.60756e+06,-1.78684e+07
413,1.77586e+07,-1.00757e+06
414,1.63792e+07,-7.78675e+06
415,-1.14921e+07,-1.31954e+07
416,1.02455e+07,-1.3926e+07
417,-1.22763e+07,1.20965e+07
418,-4.67798e+06,1.71563e+07
419,1.44362e+07,8.4617e+06
420,-1.71794e+07,-247086
421,-1.26134e+07,1.27467e+07
422,-1.61579e+07,-5.71723e+06
423,-4.94957e+06,-1.79068e+07
424,-1.69408e+07,6.82561e+06
425,-7.6168e+06,1.57696e+07
426,-1.68863e+07,-3.45038e+06
427,-3.61976e+06,-1.73358e+07
428,4.02915e+06,-1.59748e+07
429,-1.73614e+07,-104497
430,1.2814e+07,1.08438e+07
431,-1.44846e+07,7.12557e+06
432,1.12542e+06,1.86522e+07
433,1.67835e+07,-4.08191e+06
434,1.17786e+07,1.17412e+07
435,1.98112e+06,1.81135e+07
436,-1.23315e+07,-1.11593e+07
437,-1.7265e+07,-614819
438,-1.43875e+07,-8.35696e+06
439,4.81213e+06,-1.64026e+07
440,-3.86602e+06,-1.73618e+07
441,-640721,1.68949e+07
442,7.47687e+06,-1.48325e+07
443,-1.66627e+07,-2.25255e+06
444,-6.88829e+06,-1.39996e+07
445,-1.18256e+07,1.11189e+07
446,9.17205e+06,-1.43277e+07
447,-1.81921e+07,-1.45797e+06
448,-8.2818e+06,1.50728e+07
449,1.16182e+07,1.1748e+07
450,-1.68979e+07,-934722
451,1.09835e+07,1.24348e+07
452,1.44588e+07,5.73933e+06
453,-1.10639e+07,-1.17057e+07
454,1.00963e+07,-1.47652e+07
455,-796998,-1.65278e+07
456,3.5521e+06,1.59119e+07
457,1.34992e+07,-9.28031e+06
458,-8.41547e+06,1.24572e+07
459,1.28268e+06,-1.60775e+07
460,-1.03481e+07,1.34765e+07
461,1.27952e+07,9.86203e+06
462,-7.97015e+06,-1.46875e+07
463,9.2973e+06,1.32751e+07
464,-1.61012e+06,1.6139e+07
465,-6.93614e+06,-1.49415e+07
466,-1.20105e+07,9.19246e+06
467,-1.31691e+07,9.84589e+06
468,-3.86423e+06,-1.66493e+07
469,6.08782e+06,1.43504e+07
470,-1.0974e+07,-1.05054e+07
471,4.82209e+06,-1.56269e+07
472,-3.52453e+06,1.47746e+07
473,1.41721e+07,6.77319e+06
474,-1.5808e+07,-4.34736e+06
475,1.59036e+07,1.35539e+06
476,7.55924e+06,1.23149e+07
477,-1.48788e+07,6.35255e+06
478,-1.31665e+07,9.21375e+06
479,-7.58244e+06,-1.42125e+07
480,1.41243e+07,-5.77781e+06
481,-1.0622e+07,1.1357e+07
482,-6.2568e+06,1.46462e+07
483,-8.94371e+06,-1.16967e+07
484,-4.30173e+06,1.50795e+07
485,1.50638e+07,-3.1631e+06
486,-1.29581e+07,-8.0818e+06
487,-1.48527e+07,-2.77205e+06
488,1.42092e+07,5.26267e+06
489,-1.02998e+07,-1.2356e+07
490,7.675e+06,1.4178e+07
491,-1.07996e+07,-1.08932e+07
492,1.31973e+07,-8.00543e+06
493,1.68024e+07,-2.99699e+06
494,-1.35846e+07,-7.20463e+06
495,-1.52396e+07,2.3532e+06
496,1.01916e+07,-1.16732e+07
497,2.90336e+06,1.56187e+07
498,1.1238e+06,1.60642e+07
499,1.52973e+07,-376851
500,1.50102e+07,-6.10458e+06
501,-1.08891e+07,1.05735e+07
502,1.22862e+06,1.54639e+07
503,1.24177e+07,-9.14356e+06
504,-7.06219e+06,-1.54716e+07
505,-7.85029e+06,-1.27545e+07
506,-2.5885e+06,1.44931e+07
507,5.94671e+06,-1.42624e+07
508,1.36899e+07,6.15809e+06
509,-3.79361e+06,1.53817e+07
510,1.52396e+07,-5.60284e+06
511,-8.56393e+06,-1.21429e+07
512,-1.51266e+07,1.12894e+06
513,1.36403e+07,-7.43308e+06
514,1.32687e+07,6.68542e+06
515,1.46652e+07,-2.00463e+06
516,-252893,1.53194e+07
517,-9.83531e+06,1.1476e+07
518,1.47217e+07,834616
519,318818,1.45554e+07
520,1.21549e+07,7.37887e+06
521,-1.4819e+07,-3.19524e+06
522,-1.43981e+07,-26786
523,109670,-1.39766e+07
524,-1.3855e+07,-4.64443e+06
525,-1.18357e+07,-8.5206e+06
526,6.13205e+06,1.22292e+07
527,1.30553e+07,-7.04636e+06
528,-1.36119e+07,4.59515e+06
529,4.61964e+06,1.32078e+07
530,4.25768e+06,-1.37045e+07
531,-9.05594e+06,8.90468e+06
532,-1.23373e+07,-6.71735e+06
533,-1.1088e+07,-9.12517e+06
534,-1.98784e+06,-1.42394e+07
535,-8.77528e+06,1.09673e+07
536,7.14002e+06,1.17929e+07
537,1.12018e+07,6.49964e+06
538,-7.33271e+06,1.2176e+07
539,8.19991e+06,-1.17569e+07
540,8.95166e+06,1.09983e+07
541,-1.33343e+07,-5.0214e+06
542,1.39893e+07,2.10991e+06
543,4.33838e+06,1.35472e+07
544,-1.43906e+07,-670252
545,1.32554e+07,-3.81082e+06
546,1.0504e+06,-1.4207e+07
547,2.81535e+06,-1.34233e+07
548,-1.13347e+07,9.49114e+06
549,-1.22786e+07,-7.39099e+06
550,-1.14789e+07,9.96341e+06
551,6.6601e+06,1.21794e+07
552,-1.23379e+07,7.07464e+06
553,1.33254e+07,4.242e+06
554,-1.19875e+07,5.0878e+06
555,-3.89789e+06,-1.32533e+07
556,-1.39175e+07,1.77511e+06
557,1.04518e+07,-8.91688e+06
558,1.42229e+07,-3.72811e+06
559,-1.09221e+07,-8.45337e+06
560,9.68532e+06,-9.59171e+06
561,-1.12587e+07,8.29117e+06
562,-2.14685e+06,1.36555e+07
563,1.26646e+07,2.40563e+06
564,-1.31384e+07,3.75295e+06
565,1.35551e+07,740701
566,4.28057e+06,1.37018e+07
567,1.24242e+07,-5.21672e+06
568,1.03363e+07,9.04213e+06
569,1.29488e+07,3.03641e+06
570,-9.20667e+06,1.02095e+07
571,-1.18894e+07,-5.60377e+06
572,2.7711e+06,1.34896e+07
573,-1.29417e+07,5.35333e+06
574,6.63501e+06,1.26735e+07
575,1.15175e+07,7.78729e+06
576,-7.94858e+06,1.08466e+07
577,-1.04726e+07,8.64178e+06
578,1.00688e+07,8.64957e+06
579,-1.36147e+07,-912876
580,1.32204e+07,-854404
581,170101,1.34898e+07
582,4.85596e+06,-1.2516e+07
583,7.25961e+06,1.05447e+07
584,1.22251e+07,6.08182e+06
585,77331.5,-1.31469e+07
586,5.36415e+06,1.14374e+07
587,5.0253e+06,-1.20034e+07
588,-8.25544e+06,1.09207e+07
589,-9.80368e+06,-8.18332e+06
590,-1.64518e+06,1.34845e+07
591,9.66423e+06,-9.05218e+06
592,-1.09118e+07,8.7512e+06
593,-8.93456e+06,-9.76325e+06
594,5.59193e+06,-1.18967e+07
595,-5.57718e+06,1.17014e+07
596,-8.61259e+06,1.03086e+07
597,-2.25153e+06,1.28267e+07
598,9.34283e+06,9.1835e+06
599,-259181,1.24553e+07
600,1.21957e+07,-4.29866e+06
601,1.06026e+07,7.48797e+06
602,1.01179e+07,8.87091e+06
603,1.16567e+07,-5.50632e+06
604,-9.54545e+06,9.7516e+06
605,7.41824e+06,-1.0244e+07
606,1.26388e+06,-1.26163e+07
607,2.48645e+06,-1.22481e+07
608,1.21179e+07,-1.15665e+06
609,-509646,1.26305e+07
610,1.09374e+07,6.7643e+06
611,8.20309e+06,9.60552e+06
612,1.73309e+06,-1.24768e+07
613,5.15633e+06,1.18782e+07
614,-8.7787e+06,-8.501e+06
615,-2.74758e+06,1.22307e+07
616,9.01629e+06,9.68105e+06
617,-357921,-1.32079e+07
618,-4.02155e+06,-1.18612e+07
619,4.47812e+06,1.21667e+07
620,-8.42472e+06,-9.89135e+06
621,-4.02849e+06,1.23869e+07
622,1.18192e+07,2.88166e+06
623,-9.81871e+06,9.00913e+06
624,-2.11937e+06,1.27679e+07
625,-5.69826e+06,1.08084e+07
626,6.72409e+06,1.10726e+07
627,3.00518e+06,-1.2438e+07
628,-3.80637e+06,-1.14883e+07
629,-3.31096e+06,1.17311e+07
630,5.91768e+06,-1.04945e+07
631,-5.87746e+06,1.07779e+07
632,5.12357e+06,1.21121e+07
633,-3.52788e+06,1.20209e+07
634,1.18881e+07,-3.69442e+06
635,7.12907e+06,1.0194e+07
636,7.2559e+06,1.06104e+07
637,-6.69811e+06,-9.95232e+06
638,-868799,1.25864e+07
639,-6.23714e+06,1.12365e+07
640,1.17438e+07,1.77647e+06
641,-1.11586e+07,3.71391e+06
642,5.53296e+06,1.06029e+07
643,-1.21134e+07,197546
644,-1.11259e+07,-3.41549e+06
645,-1.1958e+07,3.88456e+06
646,1.89839e+06,1.17264e+07
647,-1.05583e+07,-5.65292e+06
648,-5.457e+06,-1.08377e+07
649,-8.76682e+06,-8.80024e+06
650,-1.21969e+07,-856884
651,8.22714e+06,-9.01858e+06
652,-9.31297e+06,-8.02458e+06
653,-1.00342e+07,-7.11376e+06
654,1.09731e+07,-4.56102e+06
655,1.90002e+06,-1.17705e+07
656,-1.10725e+07,-4.64056e+06
657,6.86065e+06,-1.02474e+07
658,-3.58285e+06,-1.19387e+07
659,1.1217e+07,-1.81747e+06
660,-9.53335e+06,-5.51328e+06
661,-1.16714e+07,3.27602e+06
662,1.17464e+07,-1.21177e+06
663,-8.45838e+06,-8.6076e+06
664,1.15045e+07,2.36164e+06
665,-1.13254e+07,2.47112e+06
666,1.13753e+07,-2.7344e+06
667,1.20491e+07,-2.12363e+06
668,-8.45359e+06,-8.6837e+06
669,-1.15962e+07,1.53567e+06
670,-8.95999e+06,8.00212e+06
671,-9.88844e+06,-5.36497e+06
672,3.21066e+06,1.09021e+07
673,4.17199e+06,1.11685e+07
674,1.14817e+07,772452
675,-7.43337e+06,-9.28827e+06
676,-1.05047e+07,4.8257e+06
677,9.71357e+06,-5.28969e+06
678,9.32472e+06,4.09024e+06
679,8.17028e+06,8.84697e+06
680,8.51779e+06,8.23196e+06
681,-1.15429e+07,-1.4854e+06
682,3.33969e+06,1.16372e+07
683,1.04635e+07,5.40754e+06
684,-1.01669e+07,-4.79946e+06
685,-1.11819e+07,-2.31841e+06
686,6.01925e+06,-9.72295e+06
687,5.33519e+06,-1.0267e+07
688,4.233e+06,-1.03227e+07
689,-4.27966e+06,-1.08872e+07
690,-7.58171e+06,-9.50802e+06
691,5.45031e+06,1.02727e+07
692,-2.99876e+06,1.10994e+07
693,8.22723e+06,8.0584e+06
694,-1.11322e+07,-4.38755e+06
695,-1.95488e+06,-1.11195e+07
696,-4.90408e+06,1.06358e+07
697,1.22909e+07,-863031
698,-1.10552e+07,-2.41876e+06
699,1.02452e+07,-4.20287e+06
700,7.22699e+06,8.7485e+06
701,-1.15383e+07,498603
702,1.00767e+07,4.35816e+06
703,-9.86796e+06,4.59919e+06
704,-2.48255e+06,1.11697e+07
705,-9.35363e+06,5.70907e+06
706,9.95575e+06,2.6845e+06
707,-1.07466e+07,4.12105e+06
708,-8.71681e+06,7.49855e+06
709,1.22764e+06,1.13396e+07
710,-3.45191e+06,1.08363e+07
711,9.31765e+06,-5.49882e+06
712,-9.83948e+06,-6.76738e+06
713,-8.37759e+06,-6.48756e+06
714,8.04348e+06,-7.28886e+06
715,-4.65225e+06,-1.0087e+07
716,-6.04977e+06,9.37218e+06
717,1.07326e+07,1.15815e+06
718,1.0618e+07,3.47105e+06
719,-1.06192e+07,-2.43628e+06
720,4.70266e+06,-1.03909e+07
721,686403,-1.08777e+07
722,-1.07842e+07,2.22409e+06
723,-5.03301e+06,9.76587e+06
724,1.06342e+07,2.69276e+06
725,9.59296e+06,1.82402e+06
726,-1.1126e+07,-3.64504e+06
727,2.39219e+06,1.09595e+07
728,-1.8201e+06,1.08412e+07
729,5.56198e+06,-1.00041e+07
730,9.91629e+06,5.19279e+06
731,6.80023e+06,-8.30154e+06
732,2.33992e+06,1.03643e+07
733,-6.38235e+06,8.60475e+06
734,-1.12874e+06,-1.05135e+07
735,1.00583e+06,-1.08733e+07
736,5.60321e+06,9.50315e+06
737,-5.10133e+06,9.73629e+06
738,-8.27179e+06,-7.27318e+06
739,1.02187e+07,4.29635e+06
740,9.11212e+06,-5.19212e+06
741,1.44152e+06,-9.87064e+06
742,4.85875e+06,9.64357e+06
743,-8.69824e+06,-6.90268e+06
744,204366,-1.06275e+07
745,-6.45662e+06,8.29435e+06
746,-5.1225e+06,-9.45841e+06
747,4.77189e+06,-9.75003e+06
748,-8.87669e+06,6.33948e+06
749,-8.50793e+06,-6.22584e+06
750,1.04009e+07,762084
751,5.71723e+06,9.68446e+06
752,5.99501e+06,8.53449e+06
753,-7.63248e+06,-7.77104e+06
754,-2.46299e+06,-1.02682e+07
755,-9.46957e+06,5.38548e+06
756,-6.15513e+06,-8.30938e+06
757,965780,-1.0244e+07
758,-9.64756e+06,4.54145e+06
759,-1.02239e+07,2.82423e+06
760,-8.47922e+06,6.07473e+06
761,1.02118e+07,-4.38128e+06
762,9.33588e+06,-4.79767e+06
763,-9.69088e+06,4.43401e+06
764,-9.17991e+06,-5.46288e+06
765,-1.05886e+07,2.04975e+06
766,9.4512e+06,-4.88281e+06
767,6.96792e+06,-7.48041e+06
768,-5.32664e+06,9.26714e+06
769,4.04287e+06,9.99753e+06
770,-9.20662e+06,5.81874e+06
771,9.25089e+06,5.6151e+06
772,1.03863e+07,1.55666e+06
773,5.07739e+06,-9.27371e+06
774,7.6294e+06,-7.23996e+06
775,9.42316e+06,-4.47009e+06
776,7.01852e+06,7.59677e+06
777,-930354,9.61706e+06
778,8.54181e+06,-5.4156e+06
779,9.85087e+06,2.4308e+06
780,1.03759e+07,1.47692e+06
781,5.12563e+06,-9.29325e+06
782,1.01693e+07,2.91351e+06
783,-6.72714e+06,8.18029e+06
784,9.94232e+06,5.26846e+06
785,1.13104e+06,-1.02621e+07
786,8.05767e+06,6.38166e+06
787,1.0192e+07,-35147.6
788,-9.15215e+06,3.95425e+06
789,1.0331e+07,1.46825e+06
790,3.65521e+06,-9.65552e+06
791,-8.7692e+06,-5.86664e+06
792,6.31057e+06,-7.64228e+06
793,-7.85089e+06,6.43958e+06
794,2.12798e+06,1.1005e+07
795,-5.59556e+06,-8.65554e+06
796,-1.02537e+07,2.318e+06
797,1.04565e+07,2.75296e+06
798,-5.97679e+06,-8.36744e+06
799,1.02465e+07,1.28356e+06
800,1.06222e+07,4.65538e+06
801,-8.39394e+06,6.28766e+06
802,-8.18041e+06,-7.04656e+06
803,-8.3539e+06,-6.47158e+06
804,6.26316e+06,7.20667e+06
805,5.7061e+06,-7.50698e+06
806,8.56197e+06,-4.17517e+06
807,-5.27111e+06,-8.74487e+06
808,-1.29468e+06,-9.00338e+06
809,974864,9.78478e+06
810,-3.14952e+06,8.84497e+06
811,8.95578e+06,4.71453e+06
812,2.61558e+06,9.86918e+06
813,-6.53905e+06,-7.37452e+06
814,-8.93131e+06,2.91778e+06
815,1.7756e+06,-1.03026e+07
816,-925239,9.78804e+06
817,-8.55088e+06,-5.55168e+06
818,6.53652e+06,-7.36132e+06
819,-8.82366e+06,-4.52097e+06
820,-8.63585e+06,4.48869e+06
821,-9.48709e+06,3.71451e+06
822,5.91228e+06,7.6477e+06
823,6.12038e+06,8.00924e+06
824,-1.23337e+06,-9.02924e+06
825,9.5334e+06,-1.603e+06
826,-9.71006e+06,820605
827,-382861,-9.76703e+06
828,-6.76682e+06,7.69434e+06
829,7.07173e+06,6.73792e+06
830,-5.70549e+06,7.27747e+06
831,403597,9.73322e+06
832,-3.36143e+06,-9.03766e+06
833,3.41939e+06,9.22202e+06
834,-1.05383e+06,-9.59158e+06
835,-9.50592e+06,-640028
836,3.29279e+06,8.69936e+06
837,-1.90789e+06,-9.03189e+06
838,3.33249e+06,8.86218e+06
839,-2.89721e+06,9.25449e+06
840,-2.84697e+06,8.95046e+06
841,5.34337e+06,-7.8952e+06
842,-8.9102e+06,-3.03479e+06
843,-503967,9.47997e+06
844,8.32955e+06,-3.62801e+06
845,7.6892e+06,5.40717e+06
846,2.85899e+06,-8.9726e+06
847,4.27165e+06,-8.48168e+06
848,-1.96106e+06,-9.50388e+06
849,-5.01945e+06,7.53967e+06
850,5.78094e+06,7.39342e+06
851,-7.495e+06,-5.95956e+06
852,5.6696e+06,-7.43078e+06
853,9.6051e+06,1.4952e+06
854,1.24156e+06,8.85255e+06
855,7.56764e+06,-5.68365e+06
856,6.65201e+06,-6.18651e+06
857,8.89457e+06,2.03598e+06
858,6.21148e+06,6.73755e+06
859,1.18688e+06,8.80811e+06
860,9.31866e+06,96599.8
861,-1.14098e+06,9.29714e+06
862,5.90439e+06,-6.78775e+06
863,-7.42834e+06,5.09932e+06
864,-9.13802e+06,-1.07387e+06
865,9.01164e+06,-1.23423e+06
866,-8.12422e+06,4.3108e+06
867,8.76076e+06,-2.4115e+06
868,7.77583e+06,4.14937e+06
869,-8.89826e+06,-871584
870,-7.76423e+06,4.85274e+06
871,2.42095e+06,-9.43891e+06
872,1.9368e+06,-9.07249e+06
873,-6.29848e+06,-6.44929e+06
874,2.67355e+06,-9.12303e+06
875,-8.39742e+06,-3.18491e+06
876,9.0859e+06,551893
877,8.3045e+06,3.80001e+06
878,5.7471e+06,7.06384e+06
879,415708,8.82432e+06
880,-1.44704e+06,-8.92275e+06
881,7.61288e+06,-4.87549e+06
882,5.23016e+06,7.85936e+06
883,-2.47305e+06,9.09321e+06
884,-343877,-9.12742e+06
885,9.01067e+06,2.12951e+06
886,-8.52531e+06,3.19611e+06
887,-8.61229e+06,-2.18332e+06
888,5.78876e+06,-6.14399e+06
889,8.9729e+06,-747158
890,7.71092e+06,-4.94365e+06
891,-4.91001e+06,-7.51668e+06
892,4.36564e+06,7.85883e+06
893,3.00566e+06,-8.17428e+06
894,6.64486e+06,-5.77111e+06
895,7.19725e+06,5.44998e+06
896,8.66344e+06,-2.64748e+06
897,8.0068e+06,-4.17778e+06
898,-4.51402e+06,8.04088e+06
899,-6.06393e+06,6.35323e+06
900,-3.10976e+06,8.77136e+06
901,7.08485e+06,-5.1301e+06
902,1.85483e+06,8.62042e+06
903,9.03523e+06,711928
904,6.57039e+06,5.99807e+06
905,8.22663e+06,-3.34466e+06
906,-8.41425e+06,-2.51337e+06
907,8.35253e+06,-3.63991e+06
908,7.47675e+06,-5.04738e+06
909,-5.98052e+06,6.4632e+06
910,8.51772e+06,-1.70594e+06
911,2.43351e+06,8.39113e+06
912,-5.95682e+06,-6.65482e+06
913,5.5955e+06,-6.89972e+06
914,6.03805e+06,-6.28364e+06
915,-7.24791e+06,4.88725e+06
916,7.8979e+06,3.81822e+06
917,-8.57376e+06,937074
918,3.22695e+06,-8.42435e+06
919,2.78417e+06,-7.96735e+06
920,1.38893e+06,-8.71762e+06
921,8.09675e+06,2.34963e+06
922,-8.48948e+06,1.9339e+06
923,-245658,8.90508e+06
924,1.86017e+06,-8.1958e+06
925,512414,-8.27709e+06
926,-6.10204e+06,6.54266e+06
927,-4.42641e+06,-7.48158e+06
928,-6.23526e+06,-5.80999e+06
929,-7.01937e+06,-4.76567e+06
930,7.57484e+06,3.55714e+06
931,3.27924e+06,8.01078e+06
932,3.51526e+06,-8.12932e+06
933,885972,8.32182e+06
934,-8.24136e+06,2.6121e+06
935,8.17823e+06,-2.64763e+06
936,-1.91858e+06,-7.92396e+06
937,8.44862e+06,-1.38816e+06
938,-8.55495e+06,973154
939,-5.52709e+06,6.31158e+06
940,-8.17308e+06,-2.75704e+06
941,7.76816e+06,3.54818e+06
942,1.14504e+06,-8.10334e+06
943,-7.96496e+06,-1.36186e+06
944,-3.24829e+06,-7.67489e+06
945,1.5898e+06,-8.49297e+06
946,-7.95801e+06,-3.24738e+06
947,573996,8.64522e+06
948,-8.42999e+06,-477271
949,5.67759e+06,6.55232e+06
950,-7.24885e+06,4.20185e+06
951,-6.18783e+06,-6.01638e+06
952,3.53641e+06,-7.69772e+06
953,7.87495e+06,2.83231e+06
954,-7.41344e+06,3.92921e+06
955,8.24471e+06,2.59973e+06
956,5.85867e+06,6.50327e+06
957,4.28201e+06,-6.68187e+06
958,5.98416e+06,6.85658e+06
959,-4.79892e+06,6.60803e+06
960,-5.68315e+06,6.56707e+06
961,2.99172e+06,7.75651e+06
962,6.10952e+06,-6.07972e+06
963,-1.7596e+06,-7.61164e+06
964,-8.27108e+06,110829
965,7.12329e+06,-4.29391e+06
966,7.52058e+06,3.22354e+06
967,-2.67475e+06,7.6026e+06
968,8.32604e+06,-515367
969,7.4946e+06,4.3634e+06
970,4.19169e+06,-7.57396e+06
971,-7.30774e+06,-3.96837e+06
972,4.72316e+06,-7.38282e+06
973,-1.95448e+06,-8.60822e+06
974,6.83263e+06,4.7752e+06
975,5.09619e+06,-6.8885e+06
976,5.56132e+06,-6.42648e+06
977,2.01546e+06,8.01399e+06
978,-7.50908e+06,3.34564e+06
979,3.56625e+06,7.32534e+06
980,1.06428e+06,8.27696e+06
981,-6.69057e+06,-4.74212e+06
982,8.18068e+06,587925
983,-4.4991e+06,6.79292e+06
984,1.48028e+06,8.11658e+06
985,-5.25029e+06,6.83849e+06
986,-362629,-8.12045e+06
987,-3.30491e+06,7.32294e+06
988,255871,8.3401e+06
989,-1.73175e+06,7.87487e+06
990,-7.30894e+06,-3.55659e+06
991,-2.45415e+06,-7.82485e+06
992,7.87075e+06,1.17617e+06
993,-7.18108e+06,-4.38431e+06
994,8.19169e+06,-1.48227e+06
995,2.62634e+06,7.8701e+06
996,40588.5,-8.01134e+06
997,1.22612e+06,8.14978e+06
998,-7.37174e+06,-3.32046e+06
999,-5.69711e+06,5.59396e+06
1000,669247,-8.46694e+06
1001,7.11609e+06,-3.83385e+06
1002,6.56644e+06,-4.77398e+06
1003,-3.02471e+06,-7.46399e+06
1004,7.79859e+06,-2.28211e+06
1005,5.83416e+06,-5.61546e+06
1006,-2.57227e+06,-7.45724e+06
1007,4.79123e+06,-6.69076e+06
1008,-7.24439e+06,-3.73047e+06
1009,-3.23628e+06,-7.29111e+06
1010,5.01552e+06,-6.36286e+06
1011,7.75394e+06,1.6781e+06
1012,-902749,-8.48452e+06
1013,7.64474e+06,-2.43665e+06
1014,-4.93873e+06,6.13507e+06
1015,-7.81733e+06,1.65738e+06
1016,4.66598e+06,-6.69206e+06
1017,5.66099e+06,-6.14208e+06
1018,-1.90163e+06,-7.88593e+06
1019,7.63029e+06,1.85953e+06
1020,4.55647e+06,6.51909e+06
1021,3.57958e+06,6.80331e+06
1022,-7.79508e+06,-1.95412e+06
1023,-3.28648e+06,6.76286e+06
1024,7.71375e+06,722356
1025,-3.42359e+06,7.16394e+06
1026,-6.00324e+06,-5.26754e+06
1027,-7.87869e+06,-1.68441e+06
1028,6.27628e+06,-4.80753e+06
1029,-6.37057e+06,3.60161e+06
1030,-3.59422e+06,6.56224e+06
1031,-7.8146e+06,-662537
1032,7.6715e+06,2.33951e+06
1033,-7.61989e+06,-717548
1034,2.84979e+06,-7.2945e+06
1035,-5.77983e+06,5.47894e+06
1036,-7.35177e+06,-2.39361e+06
1037,6.23306e+06,-5.07688e+06
1038,-7.62121e+06,-375839
1039,783219,-7.75697e+06
1040,-4.81591e+06,-6.04017e+06
1041,-6.43633e+06,3.69241e+06
1042,3.54408e+06,-6.8462e+06
1043,11294.2,7.80579e+06
1044,-2.4961e+06,-7.45394e+06
1045,3.4917e+06,-6.92754e+06
1046,588451,-7.97546e+06
1047,7.69366e+06,923681
1048,-6.91864e+06,-4.27961e+06
1049,-3.56438e+06,-6.72522e+06
1050,-7.71027e+06,-1.729e+06
1051,6.93446e+06,-4.18854e+06
1052,-6.12482e+06,-4.72017e+06
1053,155919,-7.85329e+06
1054,-6.75638e+06,3.39588e+06
1055,-7.13568e+06,2.76278e+06
1056,-5.16216e+06,5.61898e+06
1057,-4.35083e+06,-6.12929e+06
1058,-7.06897e+06,3.22376e+06
1059,-7.83804e+06,-1.11858e+06
1060,6.15321e+06,4.56153e+06
1061,7.36899e+06,2.01181e+06
1062,-3.43459e+06,6.65999e+06
1063,-7.64656e+06,-378042
1064,-7.7135e+06,-1.64383e+06
1065,-7.44102e+06,384025
1066,3.12714e+06,6.9561e+06
1067,-598421,7.4209e+06
1068,570948,7.69959e+06
1069,-2.16882e+06,-7.63973e+06
1070,1.99774e+06,7.33788e+06
1071,-3.54286e+06,-6.38386e+06
1072,3.9689e+06,6.60082e+06
1073,2.25765e+06,7.16759e+06
1074,3.31682e+06,6.68396e+06
1075,-4.34709e+06,6.05526e+06
1076,-7.24386e+06,2.10411e+06
1077,2.80336e+06,-6.91046e+06
1078,-2.62941e+06,-7.20848e+06
1079,-2.37102e+06,6.93571e+06
1080,-154569,-7.74069e+06
1081,6.32188e+06,4.03088e+06
1082,-7.01856e+06,2.37988e+06
1083,-1.15264e+06,7.25019e+06
1084,-1.87484e+06,7.18872e+06
1085,-7.23946e+06,-2.17732e+06
1086,7.27623e+06,-328060
1087,-4.18472e+06,-6.12006e+06
1088,6.78494e+06,-3.2184e+06
1089,5.77016e+06,-4.836e+06
1090,3.02505e+06,-6.80969e+06
1091,-6.04446e+06,4.04652e+06
1092,-5.28364e+06,4.74994e+06
1093,6.14647e+06,-4.0269e+06
1094,-1.38556e+06,-7.41944e+06
1095,-5.20316e+06,-5.91719e+06
1096,7.0874e+06,2.58327e+06
1097,6.98133e+06,2.41558e+06
1098,-2.78494e+06,7.13093e+06
1099,128088,-7.58742e+06
1100,7.42478e+06,1.75171e+06
1101,-5.05315e+06,5.43633e+06
1102,-1.53496e+06,7.12051e+06
1103,-1.90265e+06,-7.19894e+06
1104,6.35791e+06,-3.90908e+06
1105,-2.47244e+06,6.92613e+06
1106,-5.29948e+06,-5.10917e+06
1107,1.71568e+06,7.15105e+06
1108,-6.34134e+06,4.18664e+06
1109,603118,-7.84211e+06
1110,5.63344e+06,4.71848e+06
1111,4.39573e+06,-6.17432e+06
1112,-791534,-7.27569e+06
1113,-7.22893e+06,-1918.08
1114,6.29717e+06,3.69908e+06
1115,-5.94588e+06,4.14673e+06
1116,5.69786e+06,4.65405e+06
1117,-6.60906e+06,2.88774e+06
1118,-412421,7.02865e+06
1119,-6.1366e+06,4.84284e+06
1120,-6.67946e+06,-2.56776e+06
1121,-4.92848e+06,-5.32586e+06
1122,7.08673e+06,-1.24476e+06
1123,-1.37099e+06,7.27261e+06
1124,6.47567e+06,-3.37067e+06
1125,-7.07928e+06,1.61667e+06
1126,-4.19063e+06,5.70884e+06
1127,4.91947e+06,5.1896e+06
1128,4.0591e+06,5.93437e+06
1129,6.82452e+06,2.80416e+06
1130,1.42151e+06,7.16642e+06
1131,5.19277e+06,-5.13457e+06
1132,7.17777e+06,-301236
1133,-7.1943e+06,-210288
1134,4.49545e+06,5.48618e+06
1135,7.22726e+06,-917836
1136,3.95339e+06,6.05788e+06
1137,-2.57843e+06,6.31335e+06
1138,-7.1414e+06,726498
1139,-6.38163e+06,3.71515e+06
1140,-1.86261e+06,-6.88731e+06
1141,3.49633e+06,-6.45369e+06
1142,-503690,-7.24838e+06
1143,-1.67876e+06,-7.05647e+06
1144,-6.717e+06,-2.57858e+06
1145,-6.60602e+06,2.45391e+06
1146,6.97683e+06,1.91759e+06
1147,-3.69347e+06,-6.34166e+06
1148,1.61583e+06,7.00807e+06
1149,892254,-7.11172e+06
1150,7.40403e+06,2.75592e+06
1151,636533,-7.10798e+06
1152,-2.24101e+06,6.82922e+06
1153,-1.98099e+06,6.79364e+06
1154,6.91852e+06,1.3265e+06
1155,-2.71674e+06,6.64083e+06
1156,-6.69462e+06,2.59439e+06
1157,4.17087e+06,5.74982e+06
1158,-5.30131e+06,-4.69904e+06
1159,-80675.1,7.02557e+06
1160,4.44177e+06,-5.60069e+06
1161,-3.77437e+06,-5.98043e+06
1162,3.84447e+06,6.07481e+06
1163,3.57314e+06,6.18438e+06
1164,-3.21209e+06,6.38674e+06
1165,-7.0118e+06,463504
1166,4.93164e+06,4.57804e+06
1167,6.88507e+06,115149
1168,6.30993e+06,2.55641e+06
1169,4.83984e+06,-5.15611e+06
1170,4.8508e+06,5.09019e+06
1171,71282.9,6.73194e+06
1172,-660777,6.88734e+06
1173,6.89819e+06,696230
1174,-6.62507e+06,2.48337e+06
1175,6.9912e+06,1.18164e+06
1176,-6.70493e+06,-2.30713e+06
1177,-286508,-7.00163e+06
1178,-3.89994e+06,-5.70106e+06
1179,-6.79495e+06,-789059
1180,6.41716e+06,3.4661e+06
1181,-3.30783e+06,6.44725e+06
1182,-3.57016e+06,5.88361e+06
1183,-5.65096e+06,268571
1184,3.36586e+06,6.05648e+06
1185,-5.2455e+06,4.2553e+06
1186,-2.36781e+06,-6.37282e+06
1187,-2.63385e+06,6.28422e+06
1188,362109,-6.9327e+06
1189,-1.00054e+06,6.67415e+06
1190,-6.04214e+06,3.3554e+06
1191,-375870,-6.86466e+06
1192,5.53803e+06,-3.93995e+06
1193,5.04833e+06,4.70128e+06
1194,4.55204e+06,-4.43719e+06
1195,5.55175e+06,3.94889e+06
1196,6.74236e+06,330778
1197,913241,-6.83273e+06
1198,-1.92865e+06,-6.62876e+06
1199,-3.07476e+06,-6.01846e+06
1200,-6.79616e+06,96898.9
1201,5.63781e+06,-3.71688e+06
1202,-6.52108e+06,1.31629e+06
1203,4.07826e+06,5.55198e+06
1204,2.14629e+06,6.34076e+06
1205,-6.95917e+06,-1.34144e+06
1206,-3.76358e+06,5.7124e+06
1207,5.8151e+06,3.32492e+06
1208,-4.10241e+06,5.61329e+06
1209,-837584,6.63874e+06
1210,2.15941e+06,-6.35696e+06
1211,2.81492e+06,5.88586e+06
1212,2.92528e+06,5.95091e+06
1213,5.5949e+06,-4.08085e+06
1214,3.44085e+06,-5.86007e+06
1215,-1.05204e+06,6.5281e+06
1216,3.08472e+06,6.45169e+06
1217,1.09921e+06,6.58704e+06
1218,6.61287e+06,1.69689e+06
1219,5.64041e+06,3.52667e+06
1220,2.42466e+06,-6.21522e+06
1221,4.88083e+06,-4.53034e+06
1222,-5.79305e+06,3.02813e+06
1223,2.3486e+06,-6.26082e+06
1224,5.14897e+06,4.19878e+06
1225,6.0252e+06,2.0987e+06
1226,4.83866e+06,4.27554e+06
1227,-3.05288e+06,5.96989e+06
1228,-6.01662e+06,2.61561e+06
1229,1.7709e+06,6.02986e+06
1230,-6.36893e+06,-1.33426e+06
1231,6.0451e+06,-2.61725e+06
1232,-7.28649e+06,333168
1233,6.0668e+06,-2.49911e+06
1234,-6.4346e+06,-1.73298e+06
1235,-5.975e+06,-2.75006e+06
1236,5.70518e+06,-2.44272e+06
1237,5.61491e+06,3.08159e+06
1238,-6.56748e+06,-3.28136e+06
1239,-5.34179e+06,3.72982e+06
1240,4.47502e+06,4.74272e+06
1241,-5.10024e+06,3.83428e+06
1242,4.2652e+06,5.0198e+06
1243,-4.22553e+06,-4.9046e+06
1244,1.26421e+06,-6.35402e+06
1245,6.51985e+06,-2.03248e+06
1246,316453,6.45064e+06
1247,-2.20463e+06,6.14479e+06
1248,-6.23381e+06,-445018
1249,5.37037e+06,-3.96166e+06
1250,-1.95864e+06,-6.07973e+06
1251,-1.18444e+06,6.36001e+06
1252,5.87584e+06,2.07683e+06
1253,511022,6.33697e+06
1254,5.44696e+06,3.72037e+06
1255,-5.92976e+06,2.58916e+06
1256,-6.09204e+06,-1.45414e+06
1257,6.02708e+06,2.34901e+06
1258,6.30262e+06,1.19703e+06
1259,-6.71773e+06,-1.203e+06
1260,-5.30106e+06,2.95234e+06
1261,-5.03876e+06,-3.11528e+06
1262,5.41544e+06,-3.60147e+06
1263,6.26256e+06,163624
1264,5.39865e+06,-2.93428e+06
1265,-4.26864e+06,-4.609e+06
1266,-1.35293e+06,-6.19845e+06
1267,6.24768e+06,-1.69086e+06
1268,-2.19019e+06,-5.49248e+06
1269,1.812e+06,6.59997e+06
1270,690656,6.13795e+06
1271,-5.62691e+06,-2.48687e+06
1272,2.34043e+06,5.81037e+06
1273,2.38276e+06,-5.90855e+06
1274,5.06984e+06,4.31513e+06
1275,-118573,6.13088e+06
1276,69517.8,6.29807e+06
1277,3.78314e+06,-5.06717e+06
1278,-5.93292e+06,1.97395e+06
1279,-3.88972e+06,-4.76481e+06
1280,-348992,6.09688e+06
1281,-4.53311e+06,-4.00996e+06
1282,-4.73864e+06,-2.33629e+06
1283,-2.80929e+06,5.64967e+06
1284,4.17208e+06,-4.61149e+06
1285,6.19324e+06,692744
1286,-6.03278e+06,1.18188e+06
1287,-5.82882e+06,2.3515e+06
1288,3.56989e+06,5.17164e+06
1289,-168921,-6.15355e+06
1290,5.8498e+06,-432380
1291,-3.95284e+06,4.64568e+06
1292,-997014,-5.96968e+06
1293,5.89384e+06,-723319
1294,-2.39744e+06,-5.65044e+06
1295,5.66382e+06,-1.0398e+06
1296,4.52084e+06,4.56426e+06
1297,-1.22486e+06,6.14237e+06
1298,-5.58642e+06,2.80165e+06
1299,-5.87844e+06,1.4061e+06
1300,5.26381e+06,3.18463e+06
1301,4.11455e+06,-4.59007e+06
1302,5.6104e+06,2.64592e+06
1303,5.39049e+06,-2.93345e+06
1304,-301102,-6.10787e+06
1305,5.46349e+06,-2.88262e+06
1306,6.31786e+06,1.97742e+06
1307,5.16627e+06,3.46373e+06
1308,5.55933e+06,2.67638e+06
1309,1.87839e+06,5.89889e+06
1310,-4.59707e+06,4.00367e+06
1311,-2.12172e+06,-5.86155e+06
1312,2.67752e+06,-5.48494e+06
1313,3.84809e+06,4.81561e+06
1314,4.70202e+06,-3.5774e+06
1315,5.65224e+06,1.76516e+06
1316,-4.6754e+06,-3.76713e+06
1317,2.03028e+06,5.77844e+06
1318,-6.08731e+06,369009
1319,5.83664e+06,-1.14126e+06
1320,4.66939e+06,-3.71528e+06
1321,-5.98025e+06,-264187
1322,6.13873e+06,1.1301e+06
1323,821256,5.78201e+06
1324,6.14435e+06,-1.35547e+06
1325,-5.7854e+06,-2.52354e+06
1326,110788,-6.09041e+06
1327,2.44861e+06,4.95037e+06
1328,-5.72545e+06,-2.45961e+06
1329,-5.24911e+06,-2.83085e+06
1330,1.64997e+06,-5.75479e+06
1331,-4.7979e+06,-2.70347e+06
1332,-5.92018e+06,-1.3334e+06
1333,-6.38987e+06,538857
1334,5.87933e+06,-1.97499e+06
1335,-5.48832e+06,-3.37529e+06
1336,5.84939e+06,-579806
1337,-4.63334e+06,3.74286e+06
1338,4.27397e+06,-4.2482e+06
1339,6.32867e+06,-14340.5
1340,5.18852e+06,3.18058e+06
1341,5.84596e+06,-2.06954e+06
1342,-5.14462e+06,-2.79761e+06
1343,-4.5458e+06,-3.30883e+06
1344,2.33574e+06,5.07237e+06
1345,-5.85098e+06,-1.20602e+06
1346,5.13001e+06,2.3858e+06
1347,-536292,-5.86065e+06
1348,-5.69596e+06,1.58715e+06
1349,-816983,-5.90436e+06
1350,5.56701e+06,482305
1351,3.95881e+06,4.51765e+06
1352,-3.63364e+06,-4.66805e+06
1353,-5.55593e+06,664511
1354,-5.58339e+06,-883990
1355,-3.88316e+06,4.2158e+06
1356,-3.36616e+06,-5.21018e+06
1357,4.1339e+06,4.28405e+06
1358,1.44698e+06,-5.74231e+06
1359,5.30765e+06,3.01351e+06
1360,4.57478e+06,-4.1576e+06
1361,-5.64176e+06,-1.84163e+06
1362,-231882,5.64944e+06
1363,-4.61904e+06,-3.66849e+06
1364,-1.457e+06,5.79088e+06
1365,-5.25952e+06,2.60967e+06
1366,5.45927e+06,-1.0383e+06
1367,5.64369e+06,2.05081e+06
1368,5.27146e+06,-2.59029e+06
1369,894102,-5.72373e+06
1370,-1.00134e+06,5.57482e+06
1371,-5.708e+06,-431775
1372,-4.52135e+06,3.16092e+06
1373,-628331,6.00443e+06
1374,503579,-5.70423e+06
1375,1.33536e+06,5.21568e+06
1376,5.49938e+06,2.16863e+06
1377,260322,-5.69299e+06
1378,-5.55506e+06,-1.54151e+06
1379,-2.66643e+06,-6.7159e+06
1380,-5.36567e+06,1.99171e+06
1381,5.40427e+06,-918614
1382,-435112,5.47798e+06
1383,-5.42062e+06,1.72995e+06
1384,-5.71557e+06,-580682
1385,-4.92158e+06,-3.08668e+06
1386,2.10093e+06,4.91958e+06
1387,195624,5.6512e+06
1388,5.54575e+06,594135
1389,-3.83926e+06,3.98365e+06
1390,2.27485e+06,5.33491e+06
1391,5.48453e+06,-1.2557e+06
1392,762067,-5.62021e+06
1393,1.30636e+06,-5.56526e+06
1394,-4.83057e+06,-2.95521e+06
1395,-2.24795e+06,-5.71406e+06
1396,-3.33011e+06,4.75896e+06
1397,-5.79035e+06,412876
1398,-872541,-4.04991e+06
1399,-3.28135e+06,4.58282e+06
1400,4.32834e+06,-3.52781e+06
1401,-5.66319e+06,722559
1402,604071,5.62011e+06
1403,3.2183e+06,4.73794e+06
1404,-1.08488e+06,-5.61199e+06
1405,-743392,5.19582e+06
1406,-4.22502e+06,-3.73344e+06
1407,4.98847e+06,-3.42195e+06
1408,-4.96443e+06,2.64516e+06
1409,1.70085e+06,4.86197e+06
1410,1.23957e+06,-5.56183e+06
1411,-3.7409e+06,-4.16284e+06
1412,5.43786e+06,1.36566e+06
1413,-3.76183e+06,4.57941e+06
1414,-4.32728e+06,3.57554e+06
1415,3.39785e+06,4.56994e+06
1416,-902984,5.47309e+06
1417,-4.3881e+06,3.46309e+06
1418,1.71905e+06,-5.38259e+06
1419,5.19829e+06,-2.33712e+06
1420,309304,5.77415e+06
1421,2.45901e+06,-4.98011e+06
1422,4.47272e+06,-2.88383e+06
1423,-2.74716e+06,-4.16662e+06
1424,2.19618e+06,4.97526e+06
1425,5.23294e+06,-565359
1426,3.40494e+06,-4.44638e+06
1427,-3.17161e+06,-4.2116e+06
1428,-1.40077e+06,5.3209e+06
1429,-1.82607e+06,5.39847e+06
1430,-3.94606e+06,-3.20117e+06
1431,-5.39282e+06,1.73554e+06
1432,-4.78745e+06,-3.32915e+06
1433,-1.97882e+06,4.7499e+06
1434,-4.52088e+06,3.23473e+06
1435,-353984,-5.55466e+06
1436,4.84052e+06,-3.11135e+06
1437,3.56868e+06,-4.32651e+06
1438,471499,5.38946e+06
1439,4.68758e+06,3.08236e+06
1440,4.80821e+06,-2.97816e+06
1441,4.09768e+06,3.95017e+06
1442,-2.99034e+06,4.51952e+06
1443,5.5498e+06,-389030
1444,-4.9217e+06,2.65564e+06
1445,4.56039e+06,-3.30585e+06
1446,-2.31884e+06,5.07094e+06
1447,-2.66707e+06,-4.69203e+06
1448,-5.29754e+06,-2.06992e+06
1449,-4.11311e+06,3.78045e+06
1450,-5.63198e+06,138347
1451,5.25098e+06,-1.10263e+06
1452,-5.43067e+06,-1.29543e+06
1453,5.49675e+06,202915
1454,5.81456e+06,-974151
1455,4.45139e+06,3.22342e+06
1456,-5.27244e+06,-2.56317e+06
1457,-118912,5.43376e+06
1458,4.38674e+06,3.34765e+06
1459,-578783,-5.43393e+06
1460,388224,4.72101e+06
1461,-2.57586e+06,-4.83315e+06
1462,-3.19665e+06,4.95241e+06
1463,-833740,-5.93054e+06
1464,-1.13696e+06,-5.46961e+06
1465,5.53562e+06,-143482
1466,-3.71738e+06,-4.05366e+06
1467,1.45206e+06,-5.35251e+06
1468,-1.52036e+06,5.32912e+06
1469,-5.17967e+06,-2.62412e+06
1470,-299791,-5.31572e+06
1471,1.75026e+06,5.17287e+06
1472,3.99362e+06,-4.0839e+06
1473,-4.66939e+06,-2.88558e+06
1474,-3.84074e+06,-3.93291e+06
1475,4.19988e+06,3.59496e+06
1476,2.94619e+06,4.61475e+06
1477,-5.19741e+06,-2.19489e+06
1478,-5.4136e+06,-857458
1479,-1.57108e+06,5.29221e+06
1480,-867322,5.38016e+06
1481,-1.24586e+06,-5.49233e+06
1482,-2.03487e+06,4.95851e+06
1483,-3.75492e+06,-4.03547e+06
1484,-3.47774e+06,4.10141e+06
1485,-1.41271e+06,-5.45889e+06
1486,-2.91029e+06,4.77799e+06
1487,-5.08176e+06,2.24772e+06
1488,-4.56228e+06,3.11561e+06
1489,-3.85123e+06,-3.53047e+06
1490,-4.94325e+06,2.50351e+06
1491,5.39286e+06,1.35205e+06
1492,-123511,5.52513e+06
1493,-5.11195e+06,1.98952e+06
1494,5.33485e+06,707942
1495,-652617,5.43576e+06
1496,-5.22589e+06,985770
1497,-3.06888e+06,3.96559e+06
1498,-232288,5.15787e+06
1499,2.14681e+06,5.06736e+06
1500,613198,-5.54004e+06
1501,2.7491e+06,5.21757e+06
1502,-3.80384e+06,3.93936e+06
1503,5.40938e+06,720003
1504,-5.02554e+06,-2.29009e+06
1505,-1.45154e+06,4.81838e+06
1506,5.51257e+06,652920
1507,-3.17635e+06,-4.28712e+06
1508,-3.3719e+06,4.03308e+06
1509,-2.18303e+06,-4.94409e+06
1510,-5.31802e+06,1.06675e+06
1511,3.18282e+06,-4.27754e+06
1512,-413221,-5.46335e+06
1513,-2.00861e+06,4.78379e+06
1514,-2.29932e+06,-4.78738e+06
1515,5.22919e+06,-903798
1516,5.06822e+06,1.79277e+06
1517,2.87656e+06,-4.47084e+06
1518,11545.3,6.38812e+06
1519,5.0284e+06,-1.42169e+06
1520,26375.4,-5.32468e+06
1521,-383185,5.82888e+06
1522,-3.00997e+06,-4.86126e+06
1523,1.22152e+06,6.02219e+06
1524,3.77544e+06,3.81303e+06
1525,-4.31703e+06,-3.03465e+06
1526,2.28486e+06,5.20715e+06
1527,-4.31378e+06,3.17917e+06
1528,-1.78278e+06,5.05468e+06
1529,-2.90062e+06,-4.29473e+06
1530,-4.97418e+06,1.10336e+06
1531,-2.49909e+06,4.6318e+06
1532,1.05257e+06,-4.9466e+06
1533,4.66411e+06,2.06256e+06
1534,-98775.4,-5.27448e+06
1535,5.09595e+06,1.66826e+06
1536,1.31984e+06,5.02986e+06
1537,-4.01344e+06,-3.79745e+06
1538,317292,5.2737e+06
1539,5.05391e+06,-869577
1540,-3.68916e+06,3.24768e+06
1541,1.50701e+06,-5.02162e+06
1542,-5.22295e+06,-251514
1543,2.37767e+06,-4.56133e+06
1544,-4.27209e+06,2.83842e+06
1545,-5.2231e+06,-470516
1546,5.15719e+06,-2.07085e+06
1547,-4.06616e+06,-3.33629e+06
1548,5.16734e+06,152092
1549,-441922,-4.70705e+06
1550,-3.61712e+06,3.69339e+06
1551,-3.37039e+06,3.91595e+06
1552,3.35279e+06,3.99304e+06
1553,-2.89168e+06,4.32716e+06
1554,-1.13018e+06,5.7421e+06
1555,-5.20477e+06,-46253.5
1556,-4.59184e+06,1.9216e+06
1557,4.95908e+06,-1.35707e+06
1558,-1.10845e+06,-4.97664e+06
1559,2.69001e+06,4.50635e+06
1560,-1.87966e+06,5.52478e+06
1561,-534456,5.19933e+06
1562,5.03165e+06,955109
1563,1.97017e+06,4.751e+06
1564,-2.03592e+06,4.69959e+06
1565,-3.59833e+06,3.9425e+06
1566,-4.631e+06,-2.41682e+06
1567,2.1122e+06,-4.555e+06
1568,-4.9904e+06,902901
1569,1.71776e+06,4.86006e+06
1570,-5.42412e+06,2.36322e+06
1571,-5.09609e+06,536562
1572,-4.78025e+06,1.73785e+06
1573,5.0407e+06,358548
1574,-5.00118e+06,-704574
1575,4.9592e+06,-418383
1576,-884335,-4.9743e+06
1577,-2.54804e+06,-4.53641e+06
1578,-4.63941e+06,2.72506e+06
1579,-4.96029e+06,-1.00811e+06
1580,2.47231e+06,4.65146e+06
1581,4.64929e+06,-1.64003e+06
1582,-5.00472e+06,721044
1583,288898,-5.04411e+06
1584,3.29992e+06,-3.67829e+06
1585,-5.08782e+06,202237
1586,4.87907e+06,-1.22634e+06
1587,1.17018e+06,-4.89618e+06
1588,-661474,4.9221e+06
1589,3.39257e+06,-3.52902e+06
1590,4.81631e+06,1.84251e+06
1591,2.5684e+06,-4.45373e+06
1592,-3.32782e+06,-3.78888e+06
1593,4.11611e+06,2.77997e+06
1594,4.4466e+06,-1.91105e+06
1595,9498,4.95637e+06
1596,649807,-4.69802e+06
1597,-2.16581e+06,4.58051e+06
1598,-2.47915e+06,-4.27429e+06
1599,-3.91377e+06,3.60216e+06
1600,4.89483e+06,-1.03301e+06
1601,-2.88307e+06,-4.36597e+06
1602,4.69772e+06,-1.92634e+06
1603,4.60407e+06,2.08556e+06
1604,298950,4.5592e+06
1605,-2.89461e+06,-3.36935e+06
1606,4.75826e+06,-1.58348e+06
1607,-3.31888e+06,3.6409e+06
1608,4.31026e+06,2.49154e+06
1609,-215733,-4.5132e+06
1610,3.02265e+06,-3.92579e+06
1611,-223907,5.05506e+06
1612,2.84436e+06,-4.01481e+06
1613,4.35658e+06,407302
1614,132519,5.22275e+06
1615,-4.21323e+06,3.01033e+06
1616,-4.74122e+06,-1.37958e+06
1617,4.5975e+06,-1.47755e+06
1618,-1.41719e+06,4.86196e+06
1619,-965552,5.28931e+06
1620,3.95871e+06,2.97347e+06
1621,4.22066e+06,-2.61336e+06
1622,-2.51813e+06,-4.41707e+06
1623,2.21868e+06,-4.01758e+06
1624,-2.59372e+06,-3.84367e+06
1625,-3.45397e+06,-2.84007e+06
1626,1.57484e+06,-4.66334e+06
1627,-274821,-5.58054e+06
1628,-2.15862e+06,-4.37428e+06
1629,4.21275e+06,-1.17856e+06
1630,-2.35426e+06,-4.50325e+06
1631,4.4238e+06,-1.76586e+06
1632,-4.02942e+06,2.11248e+06
1633,5.25647e+06,-922874
1634,-953642,-4.65432e+06
1635,1.47099e+06,4.68984e+06
1636,-4.73286e+06,2.04364e+06
1637,-4.30357e+06,-2.67895e+06
1638,-1.88122e+06,4.76531e+06
1639,4.45396e+06,-107138
1640,-3.91534e+06,3.17411e+06
1641,-3.94136e+06,3.01856e+06
1642,4.00431e+06,-2.64788e+06
1643,-3.58034e+06,3.48512e+06
1644,1.52649e+06,4.55682e+06
1645,1.89286e+06,-4.4527e+06
1646,-4.82362e+06,1.09694e+06
1647,-770835,-4.88162e+06
1648,878761,-5.29639e+06
1649,3.88547e+06,-2.97092e+06
1650,4.53373e+06,1.53114e+06
1651,3.34734e+06,-3.53166e+06
1652,-2.58646e+06,-4.51604e+06
1653,5.45532e+06,295741
1654,2.04058e+06,-4.35072e+06
1655,4.70878e+06,-1.35573e+06
1656,4.85127e+06,-569493
1657,-202988,-4.85784e+06
1658,2.10729e+06,4.38622e+06
1659,3.84309e+06,2.92462e+06
1660,4.45368e+06,-171725
1661,2.80232e+06,3.98181e+06
1662,-3.33391e+06,3.76319e+06
1663,-1.65128e+06,-4.63016e+06
1664,4.55117e+06,1.1371e+06
1665,230543,4.65897e+06
1666,3.79665e+06,-3.3885e+06
1667,3.37607e+06,3.45818e+06
1668,-1.6659e+06,4.64022e+06
1669,-4.68487e+06,-1.09092e+06
1670,4.75769e+06,704200
1671,-2.39006e+06,3.96163e+06
1672,1.03469e+06,4.58567e+06
1673,4.6237e+06,1.26806e+06
1674,-3.97806e+06,-3.16933e+06
1675,-4.4817e+06,-1.00146e+06
1676,-3.03838e+06,3.81254e+06
1677,-1.46081e+06,4.63566e+06
1678,-3.24045e+06,-4.02076e+06
1679,4.59165e+06,1.37856e+06
1680,746967,4.75058e+06
1681,874460,-5.1843e+06
1682,3.64487e+06,-3.10039e+06
1683,4.38484e+06,-721227
1684,3.06546e+06,3.53364e+06
1685,-2.93224e+06,-3.89965e+06
1686,-3.93983e+06,-2.96576e+06
1687,-614095,4.26129e+06
1688,-3.20047e+06,-3.0227e+06
1689,3.66248e+06,-2.72696e+06
1690,-2.7797e+06,-4.27011e+06
1691,-3.11273e+06,-3.68385e+06
1692,940671,-5.18184e+06
1693,-479089,4.70395e+06
1694,168438,-4.93954e+06
1695,-2.81379e+06,-4.01438e+06
1696,-3.01273e+06,-3.56879e+06
1697,-4.33334e+06,1.43249e+06
1698,4.79649e+06,-1.10814e+06
1699,4.13538e+06,1.60628e+06
1700,2.81066e+06,3.87953e+06
1701,5.38145e+06,-440097
1702,186292,4.90886e+06
1703,-147711,-4.75888e+06
1704,3.96793e+06,-1.92472e+06
1705,-1.9925e+06,-4.28753e+06
1706,337702,-4.87238e+06
1707,4.9356e+06,-576083
1708,-4.03827e+06,-3.48391e+06
1709,3.02241e+06,-3.59123e+06
1710,1.77871e+06,4.40317e+06
1711,-4.18714e+06,-1.209e+06
1712,-10286.1,4.75399e+06
1713,1.78354e+06,-4.48756e+06
1714,-1.06208e+06,4.72172e+06
1715,4.19192e+06,1.68338e+06
1716,-3.5653e+06,-2.86037e+06
1717,-4.29133e+06,-1.82552e+06
1718,3.1171e+06,-3.35841e+06
1719,-2.01722e+06,4.26191e+06
1720,-3.59903e+06,-2.32783e+06
1721,-2.65078e+06,-4.1907e+06
1722,4.06907e+06,2.21832e+06
1723,3.30898e+06,2.92413e+06
1724,105627,-4.75077e+06
1725,3.96427e+06,-2.78732e+06
1726,2.94399e+06,-3.87781e+06
1727,-2.26347e+06,3.82045e+06
1728,2.2713e+06,-3.69888e+06
1729,1.35257e+06,-4.48661e+06
1730,2.07128e+06,-4.16785e+06
1731,4.4171e+06,-2.53295e+06
1732,4.68499e+06,518086
1733,-4.97387e+06,-188184
1734,858800,4.60468e+06
1735,-4.54056e+06,740144
1736,-401098,-4.67416e+06
1737,-4.39247e+06,1.15784e+06
1738,3.5324e+06,3.01255e+06
1739,3.90499e+06,2.49326e+06
1740,-4.0655e+06,-2.05535e+06
1741,-4.27996e+06,-1.64352e+06
1742,-4.21318e+06,-1.50363e+06
1743,-316788,-4.32359e+06
1744,4.48264e+06,1.1586e+06
1745,-4.24642e+06,1.76756e+06
1746,-97475.4,4.94424e+06
1747,-4.31328e+06,-660364
1748,-1.94596e+06,-4.26625e+06
1749,-4.58884e+06,-256200
1750,-1.00765e+06,-4.7749e+06
1751,1.37318e+06,4.2398e+06
1752,-103897,4.6782e+06
1753,3.17996e+06,3.45624e+06
1754,4.05249e+06,-2.01094e+06
1755,216553,-4.63919e+06
1756,462126,4.91883e+06
1757,2.08075e+06,-4.04367e+06
1758,-2.15797e+06,-4.0762e+06
1759,-3.78851e+06,-2.51315e+06
1760,4.47637e+06,1.51907e+06
1761,3.73986e+06,-2.20665e+06
1762,3.84028e+06,-2.4676e+06
1763,742001,4.5974e+06
1764,515161,4.63725e+06
1765,-1.71799e+06,-4.20053e+06
1766,-342229,-4.55334e+06
1767,978372,-4.30316e+06
1768,-3.11499e+06,-3.40153e+06
1769,-939577,-5.02218e+06
1770,3.38839e+06,-3.12568e+06
1771,-2.22492e+06,4.35572e+06
1772,4.25953e+06,-2.07726e+06
1773,-2.54697e+06,-3.97507e+06
1774,4.28973e+06,-1.32624e+06
1775,-4.51345e+06,542116
1776,4.35149e+06,279400
1777,-2.2364e+06,3.99365e+06
1778,-959713,4.24733e+06
1779,3.36428e+06,3.11362e+06
1780,-4.32593e+06,-885885
1781,4.15367e+06,1.34759e+06
1782,-4.33464e+06,1.12941e+06
1783,4.37433e+06,-1.05769e+06
1784,2.81269e+06,-3.29232e+06
1785,3.64575e+06,2.88237e+06
1786,1.60959e+06,-4.20038e+06
1787,-67311.5,4.48263e+06
1788,-4.13912e+06,1.61578e+06
1789,2.07228e+06,4.33191e+06
1790,-826777,-4.53576e+06
1791,2.18548e+06,3.62065e+06
1792,-2.4334e+06,3.27263e+06
1793,-1.97558e+06,3.84533e+06
1794,-2.29843e+06,3.30052e+06
1795,2.64654e+06,-3.61766e+06
1796,820732,-4.46166e+06
1797,-151394,4.60325e+06
1798,-2.81837e+06,3.97746e+06
1799,4.33984e+06,544504
1800,2.45832e+06,-3.69749e+06
1801,3.71914e+06,-2.41161e+06
1802,-4.37946e+06,1.0658e+06
1803,3.64955e+06,2.58071e+06
1804,2.05768e+06,-4.33391e+06
1805,1.25384e+06,4.55523e+06
1806,1.89439e+06,4.3605e+06
1807,2.97859e+06,3.22423e+06
1808,5.02141e+06,-905744
1809,-3.00716e+06,-3.60551e+06
1810,-2.98849e+06,3.39967e+06
1811,-2.30333e+06,4.05422e+06
1812,2.84526e+06,3.42456e+06
1813,-3.63348e+06,-2.60124e+06
1814,-1.06092e+06,4.64219e+06
1815,4.21989e+06,-1.5381e+06
1816,4.22563e+06,-1.06738e+06
1817,-3.34973e+06,2.67788e+06
1818,-1.00763e+06,-3.82689e+06
1819,-1.98721e+06,3.89308e+06
1820,-2.71655e+06,-3.65958e+06
1821,1.82013e+06,4.09033e+06
1822,-4.37949e+06,-395406
1823,-880485,-4.35532e+06
1824,893794,4.41173e+06
1825,-4.20222e+06,1.22123e+06
1826,-3.65434e+06,2.37825e+06
1827,4.27518e+06,692498
1828,4.38031e+06,-285029
1829,-2.01166e+06,-4.12014e+06
1830,2.81069e+06,-3.25175e+06
1831,-134884,-4.08742e+06
1832,-544025,3.83999e+06
1833,3.62472e+06,-2.77848e+06
1834,-3.75657e+06,2.22545e+06
1835,3.15864e+06,-3.39494e+06
1836,-1.87971e+06,3.87728e+06
1837,3.93684e+06,2.11679e+06
1838,-3.15551e+06,2.84857e+06
1839,4.16955e+06,-2.04356e+06
1840,-1.90552e+06,-3.98574e+06
1841,-3.81568e+06,2.0971e+06
1842,3.05982e+06,-2.65456e+06
1843,3.98037e+06,1.71497e+06
1844,4.18752e+06,-1.56324e+06
1845,-3.36418e+06,-2.90547e+06
1846,1.2838e+06,-4.06513e+06
1847,-1.76019e+06,-4.12038e+06
1848,-448075,-4.35555e+06
1849,1.1999e+06,4.00239e+06
1850,4.3057e+06,-713873
1851,-3.05998e+06,-3.09857e+06
1852,4.30174e+06,-1.24146e+06
1853,-3.59296e+06,-2.13329e+06
1854,-4.18298e+06,-1.53236e+06
1855,-4.20332e+06,-1.06753e+06
1856,-1.256e+06,4.02687e+06
1857,925701,4.42702e+06
1858,-979479,-4.24737e+06
1859,4.35235e+06,16312.7
1860,-2.61923e+06,3.42243e+06
1861,-4.42594e+06,517541
1862,2.77289e+06,3.39127e+06
1863,165937,-4.41613e+06
1864,-4.16586e+06,-1.10171e+06
1865,-3.87021e+06,1.97028e+06
1866,3.82997e+06,-1.28075e+06
1867,-4.32617e+06,-698827
1868,4.17191e+06,1.24227e+06
1869,4.36286e+06,-128831
1870,610706,-4.27899e+06
1871,3.44468e+06,-2.59811e+06
1872,2.28564e+06,3.39042e+06
1873,1.35048e+06,4.13124e+06
1874,-3.80713e+06,1.82177e+06
1875,3.66492e+06,-2.43882e+06
1876,-1.14438e+06,4.17909e+06
1877,-3.97059e+06,-1.47347e+06
1878,4.17668e+06,422288
1879,-4.19941e+06,295294
1880,-3.79155e+06,1.29457e+06
1881,-4.136e+06,-1.01984e+06
1882,1.79144e+06,-3.94322e+06
1883,4.30219e+06,-433145
1884,-1.40031e+06,-4.30716e+06
1885,-4.19114e+06,-505246
1886,2.38331e+06,3.33154e+06
1887,4.17507e+06,557012
1888,-3.60772e+06,-1.90225e+06
1889,-3.31413e+06,-2.65221e+06
1890,4.2411e+06,634443
1891,2.38872e+06,3.52723e+06
1892,-3.79411e+06,-1.79415e+06
1893,-1.5158e+06,4.09848e+06
1894,-3.18347e+06,2.82656e+06
1895,-1.97291e+06,-3.79027e+06
1896,258955,-4.93077e+06
1897,-2.9865e+06,2.75091e+06
1898,-2.46464e+06,3.47592e+06
1899,-3.78258e+06,487925
1900,-488170,4.50393e+06
1901,-4.17196e+06,-887714
1902,1.33541e+06,-3.84796e+06
1903,3.5115e+06,2.43197e+06
1904,-2.31595e+06,3.64786e+06
1905,4.32563e+06,37157.8
1906,-4.21146e+06,42595.3
1907,227208,-4.5891e+06
1908,-3.42917e+06,2.44413e+06
1909,2.35824e+06,-3.50093e+06
1910,3.78181e+06,-2.20562e+06
1911,728830,4.16059e+06
1912,-750998,-4.22325e+06
1913,-3.70797e+06,-1.62039e+06
1914,4.07689e+06,-1.14884e+06
1915,556110,-3.9403e+06
1916,3.61056e+06,889795
1917,-3.74819e+06,2.69335e+06
1918,2.10771e+06,4.11803e+06
1919,3.31441e+06,-2.50621e+06
1920,-2.08477e+06,3.66977e+06
1921,-1.48104e+06,4.17908e+06
1922,4.33351e+06,-1.54873e+06
1923,2.26107e+06,3.34394e+06
1924,-3.81927e+06,-2.01075e+06
1925,3.56188e+06,-2.26029e+06
1926,1.95731e+06,-3.76195e+06
1927,3.3821e+06,2.13153e+06
1928,4.07594e+06,-952740
1929,3.22818e+06,-2.68829e+06
1930,920857,-3.50392e+06
1931,2.11513e+06,3.42955e+06
1932,-3.55556e+06,-1.39361e+06
1933,3.90869e+06,180065
1934,3.91903e+06,-874317
1935,-3.48285e+06,2.27151e+06
1936,2.03902e+06,-3.5545e+06
1937,4.46657e+06,-352973
1938,-1.11239e+06,-4.10187e+06
1939,-3.85606e+06,-1.50068e+06
1940,1.17971e+06,-3.93388e+06
1941,-1.85322e+06,3.62104e+06
1942,1.49975e+06,-4.10039e+06
1943,4.08489e+06,497933
1944,435036,4.04098e+06
1945,-1.03798e+06,4.00668e+06
1946,375476,4.0083e+06
1947,-2.87567e+06,2.72043e+06
1948,4.18374e+06,-285653
1949,-2.28861e+06,-3.33168e+06
1950,1.58419e+06,-3.80363e+06
1951,4.16996e+06,585884
1952,-4.20789e+06,-481958
1953,-3.75773e+06,1.47054e+06
1954,-4.11152e+06,2.50243e+06
1955,125246,4.06975e+06
1956,-4.4108e+06,1.24143e+06
1957,-3.65548e+06,2.02793e+06
1958,4.31497e+06,409730
1959,1.64166e+06,-4.1654e+06
1960,-3.5825e+06,1.77187e+06
1961,-343146,-4.02783e+06
1962,-2.33342e+06,2.50553e+06
1963,-1.78974e+06,3.92948e+06
1964,3.17856e+06,-1.64888e+06
1965,-3.26975e+06,-2.04377e+06
1966,3.90866e+06,-1.383e+06
1967,-3.82126e+06,-184252
1968,-2.41675e+06,-3.10055e+06
1969,4.06053e+06,-805199
1970,-204501,4.40756e+06
1971,2.90513e+06,-2.78254e+06
1972,1.23126e+06,-4.77833e+06
1973,3.93553e+06,1.31639e+06
1974,-3.62937e+06,-1.61516e+06
1975,-1.32167e+06,3.61581e+06
1976,-704134,-3.90383e+06
1977,-3.92062e+06,-1.26823e+06
1978,-637050,4.15125e+06
1979,-3.89371e+06,-828596
1980,3.66292e+06,1.63399e+06
1981,1.30572e+06,-4.5492e+06
1982,-3.23786e+06,-2.28376e+06
1983,1.93278e+06,3.53077e+06
1984,-2.77618e+06,2.83858e+06
1985,881983,3.89378e+06
1986,-4.26188e+06,197066
1987,-544984,4.2264e+06
1988,-4.34905e+06,1.00116e+06
1989,-218739,3.86361e+06
1990,1.13558e+06,3.84504e+06
1991,3.45613e+06,2.06803e+06
1992,-222770,3.97559e+06
1993,-2.22786e+06,3.16047e+06
1994,-1.89313e+06,3.52356e+06
1995,-3.15124e+06,-2.01958e+06
1996,-2.95846e+06,-2.38769e+06
1997,-3.58553e+06,-2.02133e+06
1998,-3.67309e+06,-1.39994e+06
1999,3.89305e+06,-1.09703e+06
2000,3.8755e+06,-1.17594e+06
2001,-3.55356e+06,1.22344e+06
2002,2.31457e+06,3.25623e+06
2003,178400,3.88077e+06
2004,-3.86478e+06,-710626
2005,1.53243e+06,3.55789e+06
2006,3.69089e+06,-1.24452e+06
2007,2.10187e+06,-3.41022e+06
2008,-2.27382e+06,3.07124e+06
2009,3.60855e+06,648107
2010,-240590,3.74293e+06
2011,-523980,3.94529e+06
2012,1.61082e+06,-3.66245e+06
2013,2.91e+06,-2.56646e+06
2014,-3.84041e+06,-925364
2015,-4.23257e+06,-1.89253e+06
2016,3.19171e+06,2.37828e+06
2017,66081,-3.7003e+06
2018,-599954,3.82131e+06
2019,-3.78408e+06,777343
2020,2.11638e+06,3.38487e+06
2021,-3.13543e+06,-2.18484e+06
2022,-43293.4,3.60716e+06
2023,-3.47737e+06,1.32361e+06
2024,-3.39217e+06,-1.73652e+06
2025,4.11991e+06,289448
2026,1.21071e+06,-3.88318e+06
2027,-3.8904e+06,-551660
2028,-702266,3.80333e+06
2029,467923,-3.90079e+06
2030,-138264,4.24935e+06
2031,2.18463e+06,-3.15159e+06
2032,-1.03784e+06,-4.03053e+06
2033,-1.49846e+06,3.59553e+06
2034,1.18809e+06,3.7498e+06
2035,-2.62147e+06,-2.58844e+06
2036,-68111.5,-4.10883e+06
2037,-268550,-3.85459e+06
2038,-3.60354e+06,-1.58275e+06
2039,-1.41418e+06,3.48058e+06
2040,1.44473e+06,-3.26114e+06
2041,2.36151e+06,-2.94026e+06
2042,2.66797e+06,2.97977e+06
2043,1.91821e+06,-3.48856e+06
2044,-2.35447e+06,-3.17243e+06
2045,-3.25953e+06,-1.9422e+06
2046,-3.11716e+06,2.19798e+06
2047,-1.18151e+06,3.84855e+06
2048,-2.46431e+06,-3.41358e+06
2049,-2.13123e+06,3.45409e+06
2050,2.07482e+06,3.39469e+06
2051,-765400,3.78593e+06
2052,2.9086e+06,2.69265e+06
2053,-2.11087e+06,3.53535e+06
2054,3.40296e+06,1.24022e+06
2055,3.65967e+06,1.01064e+06
2056,-3.97152e+06,-185280
2057,3.26968e+06,2.16847e+06
2058,-3.83189e+06,-27788.9
2059,-3.47688e+06,443244
2060,-2.71703e+06,-2.28385e+06
2061,715643,-4.82926e+06
2062,2.51604e+06,-2.8536e+06
2063,-2.64345e+06,-2.76675e+06
2064,3.62975e+06,560810
2065,-3.21911e+06,2.12844e+06
2066,-3.29006e+06,1.77565e+06
2067,-3.32329e+06,1.85464e+06
2068,2.94925e+06,2.28822e+06
2069,-2.68408e+06,-2.62939e+06
2070,-3.71e+06,955762
2071,-3.37507e+06,1.03163e+06
2072,-537453,-3.78923e+06
2073,-1.52408e+06,-3.22689e+06
2074,3.13501e+06,-2.13839e+06
2075,3.73378e+06,769668
2076,-3.06624e+06,-2.07584e+06
2077,3.47427e+06,-1.67798e+06
2078,-3.41877e+06,-1.77145e+06
2079,-3.23113e+06,1.91218e+06
2080,-1.20782e+06,-3.58822e+06
2081,-1.36873e+06,3.55271e+06
2082,1.15961e+06,3.56776e+06
2083,1.7923e+06,3.38299e+06
2084,-2.36909e+06,-3.18822e+06
2085,-3.50607e+06,1.49113e+06
2086,2.67553e+06,2.65597e+06
2087,3.51606e+06,-1.36051e+06
2088,2.43218e+06,2.82752e+06
2089,-2.75654e+06,2.04955e+06
2090,3.32665e+06,-1.771e+06
2091,-3.43752e+06,366980
2092,875847,3.92024e+06
2093,-1.68256e+06,3.52834e+06
2094,3.3939e+06,-1.61575e+06
2095,-1.82471e+06,4.06372e+06
2096,-851023,3.67647e+06
2097,371983,3.88477e+06
2098,3.71421e+06,47940.9
2099,-2.13302e+06,3.05164e+06
2100,1.21233e+06,-3.60567e+06
2101,-2.36284e+06,2.76295e+06
2102,-3.44028e+06,-1.66431e+06
2103,2.86067e+06,-2.48026e+06
2104,2.27778e+06,2.83282e+06
2105,-2.47776e+06,-2.97669e+06
2106,951635,-3.65349e+06
2107,-2.69228e+06,2.55803e+06
2108,1.63605e+06,3.40652e+06
2109,-3.18729e+06,-2.85262e+06
2110,-2.7237e+06,-2.89699e+06
2111,-2.58926e+06,-2.72782e+06
2112,-3.25071e+06,-2.21225e+06
2113,-2.40721e+06,2.83013e+06
2114,1.3934e+06,-3.56103e+06
2115,1.29694e+06,3.43995e+06
2116,-3.12763e+06,-1.59196e+06
2117,-1.97547e+06,-3.51792e+06
2118,-3.63078e+06,-702067
2119,-3.53675e+06,852503
2120,1.91018e+06,-3.1128e+06
2121,911557,3.67361e+06
2122,-3.3651e+06,1.80052e+06
2123,-3.56083e+06,-2.37935e+06
2124,-3.46763e+06,279852
2125,-2.08373e+06,2.54893e+06
2126,2.74573e+06,-2.58418e+06
2127,-1.29046e+06,-3.44038e+06
2128,2.2921e+06,-2.91477e+06
2129,3.05347e+06,-2.13239e+06
2130,-3.50518e+06,1.30775e+06
2131,767577,3.68327e+06
2132,-3.54034e+06,-806306
2133,-3.46471e+06,-1.02045e+06
2134,645615,-3.9703e+06
2135,-3.199e+06,1.7891e+06
2136,3.32579e+06,453415
2137,-733941,3.03165e+06
2138,-3.44521e+06,1.4456e+06
2139,2.25971e+06,-3.00442e+06
2140,3.74706e+06,-752666
2141,3.58998e+06,-984263
2142,2.55276e+06,2.5937e+06
2143,-3.24724e+06,-2.14994e+06
2144,2.09068e+06,3.06092e+06
2145,3.80615e+06,243747
2146,3.57203e+06,1.25e+06
2147,-2.68923e+06,2.37943e+06
2148,3.52874e+06,-1.02723e+06
2149,-2.87298e+06,-2.93314e+06
2150,1.06506e+06,-3.56262e+06
2151,-4.05448e+06,820590
2152,3.4266e+06,1.26265e+06
2153,-1.68574e+06,3.33164e+06
2154,2.8675e+06,-2.99365e+06
2155,-3.63259e+06,982130
2156,3.20838e+06,1.79798e+06
2157,-3.59468e+06,1.03243e+06
2158,-1.86717e+06,-3.34183e+06
2159,-3.66268e+06,99493.3
2160,-3.5152e+06,924444
2161,3.63994e+06,-591826
2162,-3.64e+06,-84748.4
2163,-534095,3.84256e+06
2164,2.44908e+06,2.73795e+06
2165,-2.98149e+06,-2.14633e+06
2166,1.1606e+06,3.45648e+06
2167,2.60963e+06,2.51606e+06
2168,-2.72169e+06,1.91362e+06
2169,2.48228e+06,-2.40677e+06
2170,1.66349e+06,-3.26998e+06
2171,3.49867e+06,-1.30053e+06
2172,-2.83937e+06,-2.67818e+06
2173,-1.12082e+06,-2.60525e+06
2174,-3.66641e+06,45407
2175,-3.57571e+06,-1.05374e+06
2176,636797,3.63552e+06
2177,-2.85579e+06,2.55121e+06
2178,-2.26421e+06,-2.74012e+06
2179,562733,3.79115e+06
2180,-865690,-3.51179e+06
2181,2.50456e+06,-2.61844e+06
2182,3.06102e+06,-1.72774e+06
2183,3.52032e+06,-1.10875e+06
2184,-2.23795e+06,2.60806e+06
2185,2.85016e+06,1.77201e+06
2186,2.81893e+06,2.04173e+06
2187,-3.03694e+06,1.84668e+06
2188,-3.4773e+06,1.4089e+06
2189,-2.67565e+06,2.08242e+06
2190,-3.3734e+06,-1.56312e+06
2191,-355908,-3.58956e+06
2192,-2.19386e+06,-2.97645e+06
2193,3.35665e+06,-1.53051e+06
2194,3.75638e+06,-242147
2195,-851635,-3.3612e+06
2196,1.97489e+06,3.05938e+06
2197,-3.44637e+06,328403
2198,3.79412e+06,-386570
2199,-3.84314e+06,-209286
2200,3.43905e+06,-2.4184e+06
2201,2.26166e+06,-2.34841e+06
2202,3.25636e+06,807040
2203,-2.15303e+06,3.0502e+06
2204,-1.82223e+06,3.06425e+06
2205,-142116,3.86261e+06
2206,3.01401e+06,-2.14976e+06
2207,-4.18485e+06,688456
2208,-3.61719e+06,931593
2209,1.07875e+06,3.41997e+06
2210,1.70071e+06,2.99149e+06
2211,-2.4626e+06,3.18887e+06
2212,49736.2,3.67809e+06
2213,-482274,4.05893e+06
2214,3.124e+06,-1.69811e+06
2215,3.61425e+06,64056.8
2216,1.95738e+06,-3.12029e+06
2217,-1.0254e+06,3.35282e+06
2218,-1.82155e+06,2.99979e+06
2219,-4.17299e+06,-486039
2220,-1.80776e+06,-3.6971e+06
2221,-3.07663e+06,-48785.2
2222,-3.16365e+06,600149
2223,502720,3.62772e+06
2224,-3.22536e+06,485737
2225,-1.73947e+06,3.50505e+06
2226,1.99571e+06,-2.40719e+06
2227,1.15385e+06,3.26627e+06
2228,3.30491e+06,-136631
2229,2.05182e+06,-3.092e+06
2230,2.27908e+06,-2.76689e+06
2231,-2.33685e+06,3.10814e+06
2232,-2.5508e+06,-2.35564e+06
2233,2.66793e+06,-2.80547e+06
2234,2.36916e+06,2.72448e+06
2235,-3.62779e+06,422562
2236,-3.31298e+06,867360
2237,3.2589e+06,1.28484e+06
2238,772691,-3.47459e+06
2239,-2.21719e+06,-2.77409e+06
2240,2.38675e+06,3.02141e+06
2241,-1.26482e+06,-3.25203e+06
2242,195375,3.61e+06
2243,1.94912e+06,-2.89045e+06
2244,378837,3.59024e+06
2245,-2.39462e+06,2.48223e+06
2246,3.41175e+06,758014
2247,2.87551e+06,-1.979e+06
2248,-837843,-3.53128e+06
2249,471423,-3.41663e+06
2250,900628,3.51917e+06
2251,-3.49779e+06,-188284
2252,3.25581e+06,989803
2253,2.4961e+06,2.42448e+06
2254,1.17593e+06,3.85439e+06
2255,3.24269e+06,-2.65832e+06
2256,3.10411e+06,-49895.4
2257,-3.6629e+06,65789.6
2258,3.52835e+06,-5646.08
2259,-2.06463e+06,2.91115e+06
2260,-2.68755e+06,-2.35974e+06
2261,-3.05712e+06,-2.04283e+06
2262,-288054,-3.75303e+06
2263,-2.63069e+06,2.90799e+06
2264,-3.14599e+06,2.4902e+06
2265,-3.04471e+06,2.20158e+06
2266,3.39397e+06,-334601
2267,-3.8055e+06,-1.18107e+06
2268,16943.8,-3.50815e+06
2269,72669.8,3.35038e+06
2270,-2.38014e+06,2.33979e+06
2271,3.81981e+06,821149
2272,-2.83055e+06,2.23305e+06
2273,2.06217e+06,3.38276e+06
2274,3.49287e+06,1.39019e+06
2275,-2.52214e+06,-2.56936e+06
2276,3.58882e+06,254942
2277,-3.25184e+06,-2.01183e+06
2278,2.75442e+06,-2.664e+06
2279,-3.10784e+06,1.59342e+06
2280,3.37659e+06,-1.37294e+06
2281,933984,3.62078e+06
2282,3.42952e+06,812315
2283,-3.35497e+06,-718913
2284,3.31341e+06,2.51709e+06
2285,3.60341e+06,199154
2286,3.00159e+06,-1.80469e+06
2287,-3.29989e+06,480723
2288,2.55492e+06,2.3624e+06
2289,-3.46205e+06,-313890
2290,-2.67385e+06,-2.30436e+06
2291,-2.65853e+06,-1.1019e+06
2292,-3.22762e+06,1.34924e+06
2293,2.03276e+06,-2.76815e+06
2294,214975,3.5112e+06
2295,-3.15922e+06,-1.66618e+06
2296,3.36891e+06,852374
2297,-3.22541e+06,2.34446e+06
2298,4.55671e+06,315859
2299,1.69586e+06,2.95926e+06
2300,3.26821e+06,1.57028e+06
2301,-3.75979e+06,-393291
2302,-3.56413e+06,14190
2303,-2.8834e+06,-1.3971e+06
2304,-806150,-3.5672e+06
2305,-1.44294e+06,-3.14715e+06
2306,-845521,3.44111e+06
2307,2.43864e+06,2.53442e+06
2308,-64069.5,3.71146e+06
2309,-1.38714e+06,-2.83253e+06
2310,3.26166e+06,1.16516e+06
2311,-751086,-3.42325e+06
2312,-482233,-3.4814e+06
2313,1.85853e+06,-3.25861e+06
2314,-2.4394e+06,1.89316e+06
2315,-1.15544e+06,3.25007e+06
2316,-371668,-2.86597e+06
2317,-1.80698e+06,-3.08022e+06
2318,-2.68926e+06,2.29251e+06
2319,2.6437e+06,-2.38089e+06
2320,3.15089e+06,1.38957e+06
2321,3.62162e+06,-870903
2322,3.26323e+06,-1.09265e+06
2323,-3.46009e+06,801592
2324,-3.27665e+06,2.05182e+06
2325,-159865,3.54226e+06
2326,2.9125e+06,-1.89824e+06
2327,985541,3.74863e+06
2328,-3.3586e+06,1.10088e+06
2329,3.11866e+06,-1.59173e+06
2330,-351640,-3.4174e+06
2331,1.48492e+06,-3.09802e+06
2332,-2.81961e+06,-558022
2333,-2.74292e+06,2.15316e+06
2334,-675291,3.30177e+06
2335,-2.92297e+06,1.38375e+06
2336,-2.24751e+06,-2.13732e+06
2337,-3.35835e+06,845000
2338,3.04634e+06,1.11516e+06
2339,-909648,-3.18827e+06
2340,2.1697e+06,-3.04084e+06
2341,2.82594e+06,-1.97833e+06
2342,2.77009e+06,1.49617e+06
2343,-54843.1,3.47451e+06
2344,236523,-3.51454e+06
2345,2.53509e+06,-2.40024e+06
2346,316310,-3.56836e+06
2347,3.37164e+06,1.45784e+06
2348,2.32084e+06,-2.25946e+06
2349,-3.12414e+06,-1.5696e+06
2350,522060,-3.43759e+06
2351,3.24332e+06,-539582
2352,-1.61206e+06,-2.93466e+06
2353,-2.91381e+06,-1.7971e+06
2354,3.12158e+06,926801
2355,531137,-3.21153e+06
2356,3.4619e+06,505203
2357,-470990,3.37155e+06
2358,3.34583e+06,1.63746e+06
2359,2.4719e+06,2.33965e+06
2360,-2.87007e+06,-1.07829e+06
2361,-679635,3.3464e+06
2362,-3.22739e+06,1.21829e+06
2363,-2.23469e+06,2.8148e+06
2364,2.28578e+06,2.2781e+06
2365,-2.13221e+06,1.97548e+06
2366,3.16331e+06,-1.43526e+06
2367,-2.14949e+06,-2.52022e+06
2368,3.326e+06,762215
2369,-2.56416e+06,-2.39329e+06
2370,2.06827e+06,2.84338e+06
2371,-1.69413e+06,-2.79438e+06
2372,-3.79237e+06,-82673
2373,-3.29996e+06,153027
2374,-3.08996e+06,1.49316e+06
2375,3.36762e+06,779775
2376,-273461,3.30678e+06
2377,1.53589e+06,3.22984e+06
2378,-1.16804e+06,-3.19432e+06
2379,-1.24763e+06,3.19815e+06
2380,3.29976e+06,-559887
2381,3.7853e+06,354387
2382,-3.4534e+06,-711066
2383,777769,-3.23711e+06
2384,-3.43748e+06,270211
2385,-2.86367e+06,2.27173e+06
2386,325878,3.4605e+06
2387,1.31826e+06,3.10159e+06
2388,2.78557e+06,1.87333e+06
2389,2.15254e+06,2.43721e+06
2390,-1.41713e+06,-3.05761e+06
2391,-3.6392e+06,1.47397e+06
2392,-1.04098e+06,3.17168e+06
2393,744855,3.04737e+06
2394,3.21063e+06,891317
2395,1.73689e+06,3.64561e+06
2396,2.95828e+06,-1.80078e+06
2397,2.83773e+06,1.777e+06
2398,250198,-2.98438e+06
2399,2.44965e+06,2.1631e+06
2400,1.21712e+06,-2.78976e+06
2401,-2.20822e+06,2.52017e+06
2402,-3.24392e+06,-1.14044e+06
2403,-1.78299e+06,3.28711e+06
2404,-3.07219e+06,-1.87678e+06
2405,2.89841e+06,1.46802e+06
2406,-3.19004e+06,-760183
2407,-3.21728e+06,448280
2408,1.30829e+06,3.09462e+06
2409,-1.00383e+06,3.46186e+06
2410,3.2486e+06,-1.02334e+06
2411,-136317,3.4431e+06
2412,2.99536e+06,-537979
2413,1.56694e+06,2.85873e+06
2414,-3.37536e+06,434447
2415,-1.84337e+06,-2.6522e+06
2416,-2.88764e+06,585612
2417,944563,3.24559e+06
2418,1.35622e+06,2.84476e+06
2419,3.57025e+06,-211364
2420,-2.75326e+06,1.86012e+06
2421,1.12883e+06,2.46476e+06
2422,2.89066e+06,-1.66481e+06
2423,2.24364e+06,-2.68444e+06
2424,-3.26768e+06,1.80031e+06
2425,616331,-3.48572e+06
2426,-2.75424e+06,1.84176e+06
2427,-2.65347e+06,2.33764e+06
2428,-769311,3.25055e+06
2429,-2.11033e+06,-2.56296e+06
2430,-3.39203e+06,599274
2431,-3.28972e+06,1.42905e+06
2432,-2.98214e+06,-1.87552e+06
2433,3.4183e+06,999645
2434,3.24047e+06,-34195.4
2435,-3.03591e+06,-1.4384e+06
2436,-3.23329e+06,741367
2437,-3.97346e+06,-1.16326e+06
2438,-781531,-3.2062e+06
2439,1.47434e+06,-3.2147e+06
2440,848547,3.22973e+06
2441,-422900,-3.53976e+06
2442,-2.73921e+06,-2.52438e+06
2443,-3.18232e+06,-414748
2444,3.23118e+06,-484047
2445,3.19873e+06,-92127.6
2446,545854,-3.51026e+06
2447,-1.29591e+06,-2.90259e+06
2448,2.63277e+06,-2.11706e+06
2449,868739,-2.57898e+06
2450,-3.00149e+06,-1.0372e+06
2451,-3.35438e+06,299477
2452,-2.51366e+06,-1.7706e+06
2453,-819757,2.02083e+06
2454,-2.00411e+06,-2.67829e+06
2455,-1.28071e+06,-3.08498e+06
2456,878163,-3.29121e+06
2457,-2.11497e+06,2.1176e+06
2458,-2.75575e+06,-2.68764e+06
2459,3.10214e+06,1.26738e+06
2460,909631,-3.13618e+06
2461,3.31948e+06,1.13796e+06
2462,110841,-3.62577e+06
2463,-2.32406e+06,2.45468e+06
2464,3.08271e+06,-1.7907e+06
2465,2.86487e+06,1.86469e+06
2466,3.29204e+06,-713323
2467,-2.21002e+06,2.65594e+06
2468,2.28385e+06,2.59034e+06
2469,670803,3.78265e+06
2470,3.14388e+06,183398
2471,-1.20381e+06,-2.31916e+06
2472,-835192,-3.88906e+06
2473,-3.16537e+06,1.50531e+06
2474,-3.23481e+06,1.59094e+06
2475,2.65164e+06,1.91406e+06
2476,-868894,-3.19743e+06
2477,2.97244e+06,1.34369e+06
2478,1.3395e+06,-3.04569e+06
2479,-3.37422e+06,-426851
2480,-1.59178e+06,2.80533e+06
2481,-1.92446e+06,2.69586e+06
2482,3.15474e+06,64284.9
2483,2.0946e+06,-2.54965e+06
2484,930264,3.56346e+06
2485,3.22964e+06,-1.01498e+06
2486,-3.70317e+06,-421852
2487,2.72773e+06,-1.95118e+06
2488,-3.22099e+06,820503
2489,3.08097e+06,619293
2490,2.84687e+06,1.28395e+06
2491,-1.60778e+06,-3.04494e+06
2492,-2.26571e+06,-2.22856e+06
2493,2.0502e+06,2.4587e+06
2494,-568694,-3.00627e+06
2495,3.10116e+06,1.0317e+06
2496,2.89031e+06,773222
2497,2.17974e+06,-2.05443e+06
2498,-3.01815e+06,-196995
2499,-75032.9,-3.49251e+06
2500,-635042,3.29224e+06
2501,-3.42591e+06,-372908
2502,2.97456e+06,-1.20462e+06
2503,287586,-3.1072e+06
2504,1.99001e+06,-2.5307e+06
2505,663231,-3.11331e+06
2506,-1.89691e+06,-2.90336e+06
2507,-1.76921e+06,-2.74377e+06
2508,-274796,-3.18424e+06
2509,395431,-2.25321e+06
2510,-2.93139e+06,1.26414e+06
2511,2.97369e+06,400024
2512,3.13604e+06,561050
2513,3.04857e+06,-977099
2514,-2.36681e+06,2.4011e+06
2515,2.6849e+06,-161879
2516,2.20114e+06,-2.46937e+06
2517,-3.10394e+06,220423
2518,-2.22982e+06,2.54836e+06
2519,-583456,-3.3035e+06
2520,-3.24398e+06,-691593
2521,-3.20409e+06,632135
2522,-1.52048e+06,-2.85762e+06
2523,-3.15558e+06,858928
2524,-1.40875e+06,-2.92373e+06
2525,-3.15009e+06,-827294
2526,-3.73573e+06,-1.88006e+06
2527,-318694,3.07725e+06
2528,3.11385e+06,818207
2529,-785766,3.08985e+06
2530,3.29351e+06,-60142.8
2531,-2.08044e+06,2.53083e+06
2532,-2.99871e+06,1.05778e+06
2533,-2.11359e+06,-2.64173e+06
2534,2.13275e+06,-2.49642e+06
2535,-2.67627e+06,-1.64101e+06
2536,-193626,3.40662e+06
2537,-50.8117,3.28401e+06
2538,641561,2.91416e+06
2539,-58843,3.52478e+06
2540,819120,3.35075e+06
2541,1.40385e+06,2.40017e+06
2542,-2.29843e+06,-2.22486e+06
2543,2.41472e+06,2.02772e+06
2544,3.42063e+06,219195
2545,2.03447e+06,-2.37527e+06
2546,-1.5699e+06,-2.79931e+06
2547,3.15597e+06,294267
2548,-1.07826e+06,2.90944e+06
2549,-151701,3.15772e+06
2550,1.61214e+06,-2.60024e+06
2551,-3.14247e+06,7126.05
2552,3.42668e+06,-110912
2553,3.36747e+06,-356743
2554,1.28456e+06,2.94772e+06
2555,2.14476e+06,2.28109e+06
2556,3.10808e+06,-1.01088e+06
2557,-3.16532e+06,771678
2558,-1.30315e+06,2.87431e+06
2559,2.69809e+06,-1.17873e+06
2560,3.36559e+06,533412
2561,-2.97927e+06,1.19382e+06
2562,136022,3.18504e+06
2563,-1.56858e+06,2.97161e+06
2564,3.02356e+06,842132
2565,3.14582e+06,-519165
2566,1.49419e+06,2.68967e+06
2567,-1.18551e+06,2.88759e+06
2568,-850939,3.19453e+06
2569,-2.4156e+06,-2.04902e+06
2570,1.31641e+06,-2.85229e+06
2571,3.00448e+06,1.00275e+06
2572,-2.17013e+06,-1.00191e+06
2573,-3.11918e+06,312938
2574,-2.34349e+06,-2.12211e+06
2575,789464,-3.06046e+06
2576,-3.27157e+06,-817580
2577,2.82883e+06,-1.64924e+06
2578,3.07078e+06,901421
2579,1.4006e+06,2.86683e+06
2580,-1.02679e+06,3.72756e+06
2581,1.70836e+06,2.95835e+06
2582,-2.69827e+06,-1.41446e+06
2583,-509737,-3.16654e+06
2584,3.01164e+06,1.04789e+06
2585,-240383,-3.34887e+06
2586,2.66835e+06,1.94389e+06
2587,-1.31224e+06,2.76676e+06
2588,-1.78256e+06,2.48889e+06
2589,1.17939e+06,3.00201e+06
2590,2.8448e+06,721678
2591,-2.2796e+06,1.59781e+06
2592,-1.63169e+06,-2.82266e+06
2593,-2.75543e+06,-1.5553e+06
2594,2.99292e+06,1.45864e+06
2595,3.86495e+06,-412244
2596,2.3702e+06,-2.57643e+06
2597,-1.28967e+06,-2.76752e+06
2598,-2.85108e+06,-2.51078e+06
2599,263551,2.76309e+06
2600,1.21533e+06,2.92638e+06
2601,-3.00646e+06,-569197
2602,-3.10638e+06,184471
2603,-2.82337e+06,1.28705e+06
2604,-3.0625e+06,-2.0098e+06
2605,-1.82761e+06,2.53134e+06
2606,-823422,-3.05085e+06
2607,-2.5782e+06,-1.89124e+06
2608,-1.68784e+06,-2.75289e+06
2609,1.05067e+06,-3.05361e+06
2610,978528,2.98518e+06
2611,-476660,-3.10933e+06
2612,-1.95927e+06,-2.44511e+06
2613,2.75317e+06,-1.19812e+06
2614,-2.13451e+06,2.10435e+06
2615,-2.76951e+06,1.44843e+06
2616,-3.58498e+06,-896482
2617,-691071,-2.77888e+06
2618,2.99338e+06,-5568.66
2619,1.41902e+06,2.81051e+06
2620,423758,-2.97676e+06
2621,-1.84677e+06,-2.25126e+06
2622,-3.07902e+06,1.10198e+06
2623,-915830,-2.5691e+06
2624,2.5785e+06,-1.64908e+06
2625,3.08896e+06,793717
2626,2.25377e+06,1.98182e+06
2627,2.81004e+06,1.50424e+06
2628,-1.69421e+06,2.67214e+06
2629,-86122.2,-3.01228e+06
2630,3.00644e+06,136783
2631,2.72165e+06,1.50563e+06
2632,620333,3.08272e+06
2633,2.0514e+06,-2.57702e+06
2634,-3.0739e+06,591671
2635,17377.9,3.06296e+06
2636,-828508,-2.62555e+06
2637,-3.03162e+06,-68945.2
2638,3.48354e+06,1.05051e+06
2639,288592,3.11448e+06
2640,-2.68665e+06,629295
2641,2.74151e+06,1.40336e+06
2642,-2.62122e+06,-1.98373e+06
2643,-2.04222e+06,2.43453e+06
2644,-2.27321e+06,-2.25996e+06
2645,-703174,-2.97947e+06
2646,3.04004e+06,-40562.1
2647,-1.75919e+06,2.57782e+06
2648,2.88398e+06,-1.12211e+06
2649,2.13122e+06,2.19722e+06
2650,-1.94824e+06,2.09472e+06
2651,-984607,2.83689e+06
2652,462032,-3.02926e+06
2653,1.95971e+06,-2.39593e+06
2654,-2.53285e+06,266637
2655,2.77815e+06,-1.56488e+06
2656,-2.3816e+06,1.89708e+06
2657,2.04852e+06,-2.15499e+06
2658,776942,-3.18201e+06
2659,-508707,-3.02093e+06
2660,-2.835e+06,850964
2661,2.465e+06,887763
2662,-2.52114e+06,1.64633e+06
2663,160560,-2.92863e+06
2664,-2.2699e+06,-2.16016e+06
2665,2.42113e+06,1.77601e+06
2666,-2.44528e+06,1.70893e+06
2667,-1.90758e+06,2.49184e+06
2668,613762,-2.83057e+06
2669,-2.27463e+06,1.57144e+06
2670,-2.34625e+06,-1.35811e+06
2671,2.58196e+06,601124
2672,3.31527e+06,829625
2673,2.1501e+06,2.06206e+06
2674,2.63337e+06,-1.58344e+06
2675,-2.79059e+06,1.18205e+06
2676,2.32743e+06,-1.93596e+06
2677,2.62433e+06,1.14446e+06
2678,-2.96879e+06,-57629.3
2679,962328,-2.78182e+06
2680,-1.33114e+06,-2.67101e+06
2681,1.63063e+06,2.76921e+06
2682,746557,-2.99037e+06
2683,1.74313e+06,2.26872e+06
2684,1.91601e+06,-1.65197e+06
2685,-2.76102e+06,-1.27074e+06
2686,-1.0167e+06,2.82562e+06
2687,938055,3.20246e+06
2688,-89659.2,3.03783e+06
2689,-3.3377e+06,171644
2690,1.30225e+06,-2.49168e+06
2691,705047,3.02258e+06
2692,-2.51604e+06,-1.73729e+06
2693,-1.09253e+06,-2.85014e+06
2694,2.68291e+06,-554321
2695,-1.62976e+06,3.0864e+06
2696,2.44871e+06,-1.52883e+06
2697,3.05974e+06,-650582
2698,-2.04651e+06,-2.23477e+06
2699,-1.77514e+06,-2.43367e+06
2700,302698,-3.01017e+06
2701,2.99815e+06,-556506
2702,-814254,3.08252e+06
2703,-2.58399e+06,1.49828e+06
2704,368566,-2.96055e+06
2705,2.90442e+06,1.11053e+06
2706,2.51514e+06,1.55489e+06
2707,1.72529e+06,-2.44825e+06
2708,971022,-2.94474e+06
2709,2.75487e+06,-1.342e+06
2710,-988608,2.71398e+06
2711,1.99846e+06,1.92892e+06
2712,-2.59468e+06,-497370
2713,1.5877e+06,-2.69912e+06
2714,-38157.3,-2.94692e+06
2715,-629586,2.72663e+06
2716,1.91091e+06,2.29062e+06
2717,-926944,2.78966e+06
2718,2.78843e+06,-1.22837e+06
2719,-3.20335e+06,-645952
2720,-1.28597e+06,-2.69206e+06
2721,-2.34814e+06,1.85807e+06
2722,-1.97672e+06,2.20649e+06
2723,-3.36093e+06,147262
2724,3.17351e+06,307205
2725,2.95042e+06,1.92885e+06
2726,2.83394e+06,-211377
2727,973745,-2.93795e+06
2728,2.88651e+06,-848175
2729,56326.5,3.47663e+06
2730,2.22563e+06,1.83476e+06
2731,-1.65917e+06,-3.38438e+06
2732,-2.30417e+06,1.92267e+06
2733,2.17558e+06,-2.08756e+06
2734,1.96813e+06,-1.97053e+06
2735,1.65111e+06,2.46232e+06
2736,2.72947e+06,-1.4787e+06
2737,-2.85021e+06,-1.20248e+06
2738,51574.8,2.9386e+06
2739,1.62388e+06,-2.48737e+06
2740,-2.91096e+06,727892
2741,2.67104e+06,900846
2742,-3.06377e+06,-978471
2743,2.92427e+06,-443508
2744,1.49205e+06,-3.50556e+06
2745,-514565,2.93575e+06
2746,3.7449e+06,-420376
2747,-2.35573e+06,1.86274e+06
2748,-2.34752e+06,2.52632e+06
2749,2.18774e+06,-1.98572e+06
2750,1.87505e+06,2.2114e+06
2751,-3.05238e+06,203437
2752,-2.54383e+06,367420
2753,-2.57077e+06,1.6485e+06
2754,-853167,-2.69981e+06
2755,2.38257e+06,-1.72647e+06
2756,-2.29376e+06,1.81734e+06
2757,1.02492e+06,-2.80269e+06
2758,-1.97784e+06,2.23217e+06
2759,-2.08281e+06,-1.85751e+06
2760,-168791,-3.33143e+06
2761,3.15678e+06,458478
2762,3.00749e+06,-457001
2763,-2.57314e+06,-1.18298e+06
2764,169000,2.92652e+06
2765,-3.02598e+06,-451715
2766,-2.22239e+06,2.04931e+06
2767,-2.92729e+06,538343
2768,779905,-2.86465e+06
2769,-377824,2.93704e+06
2770,-2.66315e+06,-25215.1
2771,-2.12818e+06,2.30822e+06
2772,2.37192e+06,2.27028e+06
2773,622255,-2.98288e+06
2774,-1.33696e+06,-2.17713e+06
2775,93584,-2.89037e+06
2776,739364,2.69114e+06
2777,-1.21273e+06,2.46231e+06
2778,-600870,2.79988e+06
2779,1.66431e+06,2.36175e+06
2780,2.19602e+06,1.88469e+06
2781,-2.86586e+06,-333299
2782,-2.55478e+06,320090
2783,1.08475e+06,-2.69018e+06
2784,-2.32936e+06,-1.41238e+06
2785,-3.03055e+06,-328401
2786,3.54747e+06,453504
2787,-1.66124e+06,2.50632e+06
2788,-2.79223e+06,650974
2789,-2.02991e+06,-2.27519e+06
2790,-3.16458e+06,1.04131e+06
2791,-958142,-2.86926e+06
2792,1.96536e+06,-2.16731e+06
2793,-2.99757e+06,522106
2794,136755,-3.14595e+06
2795,-1.02009e+06,2.69814e+06
2796,2.33165e+06,1.60019e+06
2797,2.2713e+06,2.39277e+06
2798,-2.45008e+06,807833
2799,2.90844e+06,-349870
2800,2.73777e+06,-1.14792e+06
2801,2.01161e+06,2.08789e+06
2802,-3.27147e+06,-348164
2803,-1.89174e+06,-2.38007e+06
2804,-430703,2.60226e+06
2805,-757388,-2.74419e+06
2806,3.66081e+06,-202249
2807,-1.52836e+06,-2.16112e+06
2808,1.20899e+06,-2.94537e+06
2809,2.70293e+06,-899875
2810,1.96998e+06,-2.51225e+06
2811,-1.90956e+06,2.23178e+06
2812,638058,2.85987e+06
2813,-2.44438e+06,-1.58801e+06
2814,-949025,-2.64656e+06
2815,1.49548e+06,2.43546e+06
2816,905573,2.7107e+06
2817,2.26446e+06,1.91312e+06
2818,-2.41854e+06,1.63891e+06
2819,-2.87425e+06,-602507
2820,-1.05876e+06,3.01084e+06
2821,2.78997e+06,1.41101e+06
2822,1.39956e+06,-2.50355e+06
2823,1.79445e+06,2.00544e+06
2824,-2.88102e+06,602347
2825,2.22158e+06,-1.88366e+06
2826,-582256,-3.14329e+06
2827,-2.64044e+06,1.3311e+06
2828,-2.85523e+06,-460117
2829,-2.1994e+06,2.12544e+06
2830,2.44234e+06,89068.3
2831,2.65164e+06,292862
2832,-2.82525e+06,77686
2833,-1.30607e+06,-2.59465e+06
2834,2.61104e+06,-1.29881e+06
2835,-2.3701e+06,-1.68984e+06
2836,2.71095e+06,1.08622e+06
2837,-1.3997e+06,-2.43712e+06
2838,-65318.4,2.75246e+06
2839,-2.46855e+06,784875
2840,-903357,-2.97651e+06
2841,-2.44714e+06,-112784
2842,2.55592e+06,1.24001e+06
2843,-2.2295e+06,-1.18445e+06
2844,-2.57259e+06,1.43313e+06
2845,2.74118e+06,-851798
2846,-764688,-2.30537e+06
2847,-2.86628e+06,-1.68293e+06
2848,-1.08865e+06,2.64778e+06
2849,2.12771e+06,1.81649e+06
2850,2.81981e+06,-523621
2851,-828496,2.58343e+06
2852,899685,-2.6022e+06
2853,667110,-2.82226e+06
2854,-2.0169e+06,2.24608e+06
2855,-198509,-2.83141e+06
2856,-2.527e+06,-1.16467e+06
2857,-2.93157e+06,-746757
2858,-1.28239e+06,2.56528e+06
2859,2.41788e+06,1.63708e+06
2860,-2.93288e+06,1.04692e+06
2861,-528306,2.85187e+06
2862,-2.9539e+06,-105736
2863,-2.65458e+06,-112031
2864,-433956,-2.83468e+06
2865,2.64647e+06,-780129
2866,1.33153e+06,-2.58474e+06
2867,1.56419e+06,-2.35912e+06
2868,-2.41686e+06,-1.8343e+06
2869,2.23207e+06,-1.03185e+06
2870,841344,1.3661e+06
2871,-2.13032e+06,-1.31347e+06
2872,-2.28699e+06,1.70379e+06
2873,2.18982e+06,-1.78703e+06
2874,1.79231e+06,2.41933e+06
2875,3.41753e+06,431520
2876,-1.61887e+06,-2.85154e+06
2877,2.35448e+06,1.37943e+06
2878,-2.54787e+06,1.27015e+06
2879,-816740,-2.70755e+06
2880,-2.40945e+06,1.29819e+06
2881,-347502,2.94483e+06
2882,-2.46834e+06,561556
2883,-459296,2.81179e+06
2884,-3.02602e+06,1.0538e+06
2885,2.97716e+06,113278
2886,-1.31858e+06,-2.45781e+06
2887,747819,2.72759e+06
2888,-1.71546e+06,-2.20197e+06
2889,-2.4609e+06,-1.25146e+06
2890,1.77958e+06,2.17694e+06
2891,3.1086e+06,915072
2892,2.29884e+06,-1.61976e+06
2893,2.19007e+06,1.91998e+06
2894,1.24527e+06,2.45644e+06
2895,-166733,2.76222e+06
2896,-139993,-2.75406e+06
2897,430608,-2.78977e+06
2898,2.40423e+06,-1.10463e+06
2899,-478043,-3.11572e+06
2900,405496,-2.90861e+06
2901,1.69879e+06,1.16017e+06
2902,1.98464e+06,2.1152e+06
2903,398269,3.04346e+06
2904,171109,-2.72078e+06
2905,880207,2.68625e+06
2906,2.8175e+06,-853058
2907,1.15064e+06,-2.15877e+06
2908,-2.41821e+06,1.23726e+06
2909,2.40176e+06,1.26547e+06
2910,2.04054e+06,2.12221e+06
2911,180085,-2.63895e+06
2912,-2.65753e+06,-893917
2913,2.29514e+06,-1.54756e+06
2914,-1.4886e+06,2.38587e+06
2915,-2.64005e+06,-982441
2916,-1.03184e+06,-2.23389e+06
2917,-1.46722e+06,-2.48251e+06
2918,-814879,2.64981e+06
2919,1.48625e+06,-2.10236e+06
2920,-2.90021e+06,149818
2921,-2.71719e+06,775867
2922,2.87502e+06,-268047
2923,2.41622e+06,1.13892e+06
2924,3.0322e+06,274388
2925,1.83703e+06,2.17292e+06
2926,35805.7,-2.72526e+06
2927,-1.4594e+06,-1.59104e+06
2928,1.99196e+06,-1.06226e+06
2929,561480,2.79689e+06
2930,2.40569e+06,1.59448e+06
2931,-2.31135e+06,1.22801e+06
2932,-2.19277e+06,1.71634e+06
2933,1.39009e+06,2.28033e+06
2934,-2.55251e+06,1.64176e+06
2935,877862,2.88995e+06
2936,2.96901e+06,-93504.6
2937,-2.65554e+06,463563
2938,324414,2.8563e+06
2939,1.98004e+06,2.05682e+06
2940,560668,2.92601e+06
2941,-1.69644e+06,2.23068e+06
2942,-250802,-2.65685e+06
2943,-1.13279e+06,2.53172e+06
2944,2.69182e+06,620836
2945,-1.28822e+06,2.44895e+06
2946,2.65192e+06,-1.14238e+06
2947,-288607,2.74772e+06
2948,2.26958e+06,1.55386e+06
2949,897762,2.57319e+06
2950,-2.05548e+06,1.06766e+06
2951,2.63457e+06,-377359
2952,2.76931e+06,-539799
2953,1.0139e+06,-2.54921e+06
2954,-2.78987e+06,644993
2955,677889,-2.68154e+06
2956,-1.34836e+06,2.41475e+06
2957,2.3484e+06,2.11704e+06
2958,-2.09707e+06,-1.81193e+06
2959,1.30588e+06,1.94267e+06
2960,-2.67789e+06,441205
2961,1.27708e+06,2.36634e+06
2962,-2.78637e+06,7510.07
2963,-1.95862e+06,2.05352e+06
2964,813074,2.64277e+06
2965,470755,2.72128e+06
2966,-1.38086e+06,-2.2465e+06
2967,-2.57296e+06,-1.33239e+06
2968,-28270.8,2.74876e+06
2969,-2.6662e+06,-3643.25
2970,208528,2.50018e+06
2971,-858678,-2.55131e+06
2972,1.54891e+06,-2.09999e+06
2973,-500235,3.41406e+06
2974,2.32269e+06,1.41729e+06
2975,1.74558e+06,2.10557e+06
2976,2.51812e+06,1.44674e+06
2977,-2.56659e+06,-1.02483e+06
2978,1.68321e+06,2.28933e+06
2979,793006,-2.60065e+06
2980,2.69861e+06,792799
2981,464272,-3.16446e+06
2982,2.79799e+06,379396
2983,-26402.9,-2.65964e+06
2984,-497968,-2.76534e+06
2985,2.98972e+06,-1.47985e+06
2986,-668404,-2.75868e+06
2987,2.49882e+06,-671111
2988,-2.43599e+06,-1.28264e+06
2989,1.28471e+06,-2.36978e+06
2990,-2.0933e+06,-1.39031e+06
2991,-2.65466e+06,-88721.3
2992,1.24957e+06,2.47652e+06
2993,-2.44313e+06,1.2206e+06
2994,1.89718e+06,-2.0736e+06
2995,1.3713e+06,2.39047e+06
2996,-1.89635e+06,2.12318e+06
2997,-2.64498e+06,-736133
2998,2.64644e+06,244733
2999,706192,2.3613e+06
3000,1.29251e+06,2.34485e+06
3001,-1.13378e+06,2.73876e+06
3002,-2.72901e+06,408162
3003,-825998,2.88817e+06
3004,1.19782e+06,-2.33768e+06
3005,2.87769e+06,190810
3006,1.2893e+06,-2.43625e+06
3007,-1.91684e+06,1.44198e+06
3008,1.38469e+06,-2.37532e+06
3009,2.74692e+06,79957.8
3010,2.12629e+06,-1.66596e+06
3011,1.81067e+06,-1.98241e+06
3012,1.74628e+06,2.02367e+06
3013,996628,-2.55941e+06
3014,-2.43448e+06,-593225
3015,-453818,2.61517e+06
3016,1.86666e+06,1.84837e+06
3017,-582867,2.66773e+06
3018,-1.4411e+06,2.42042e+06
3019,-51120.4,2.71595e+06
3020,-2.54098e+06,1.06119e+06
3021,1.84512e+06,-1.94316e+06
3022,-2.68464e+06,-223716
3023,-2.69232e+06,327141
3024,2.66953e+06,-1.2211e+06
3025,-2.61961e+06,-539897
3026,2.28111e+06,-1.74571e+06
3027,2.4744e+06,-756367
3028,2.34853e+06,1.15387e+06
3029,2.78947e+06,451986
3030,-336877,2.60454e+06
3031,-2.16288e+06,-2.06224e+06
3032,-48726.3,2.73758e+06
3033,-2.99569e+06,59703.2
3034,-2.77544e+06,262501
3035,171045,2.66245e+06
3036,-2.47995e+06,1.88122e+06
3037,854134,2.51845e+06
3038,1.36226e+06,2.25506e+06
3039,2.38904e+06,-1.64037e+06
3040,-1.32023e+06,-2.3247e+06
3041,839893,2.61023e+06
3042,1.96345e+06,-2.14093e+06
3043,1.70503e+06,2.67374e+06
3044,2.88403e+06,-270208
3045,1.60707e+06,-1.92975e+06
3046,-1.1908e+06,1.96651e+06
3047,2.65988e+06,-675991
3048,-1.30871e+06,-2.03147e+06
3049,-1.62248e+06,1.85854e+06
3050,2.22919e+06,1.62909e+06
3051,-583019,2.78402e+06
3052,-2.65894e+06,-104386
3053,-102083,2.57886e+06
3054,-594455,-2.63587e+06
3055,-2.73433e+06,-1.05985e+06
3056,-2.53451e+06,495434
3057,1.19436e+06,-2.11696e+06
3058,-1.58144e+06,-2.49662e+06
3059,-1.44891e+06,-1.93154e+06
3060,2.58234e+06,-556731
3061,1.80795e+06,-802757
3062,1.86509e+06,1.86552e+06
3063,-1.25492e+06,-2.31701e+06
3064,1.28112e+06,-2.21832e+06
3065,-154428,-2.83819e+06
3066,-97238.4,-2.05722e+06
3067,-2.18068e+06,1.6559e+06
3068,291770,-2.88247e+06
3069,-1.95142e+06,-1.80043e+06
3070,-2.58932e+06,-596444
3071,-966144,-2.97555e+06
3072,-2.25732e+06,961323
3073,-2.20824e+06,-1.41246e+06
3074,-176682,-2.68463e+06
3075,2.76438e+06,305271
3076,2.11726e+06,-1.53451e+06
3077,-2.20114e+06,807989
3078,1.66996e+06,-1.84303e+06
3079,-2.32492e+06,1.61092e+06
3080,-2.15956e+06,-1.48739e+06
3081,214723,-2.69345e+06
3082,-2.48336e+06,1.11006e+06
3083,2.63137e+06,-411345
3084,2.43319e+06,-690869
3085,-2.49186e+06,941505
3086,2.5073e+06,173507
3087,-1.87791e+06,1.87814e+06
3088,-435610,-2.62579e+06
3089,-2.64879e+06,-281121
3090,-2.51465e+06,-484423
3091,2.58296e+06,-545656
3092,3.14495e+06,762914
3093,942369,-2.48415e+06
3094,-2.78561e+06,61448.3
3095,1.91505e+06,-1.78233e+06
3096,-965772,2.39831e+06
3097,330818,-2.80089e+06
3098,-2.60802e+06,822663
3099,754941,2.53133e+06
3100,2.10651e+06,-1.13348e+06
3101,1.00021e+06,2.39177e+06
3102,2.45892e+06,1.00298e+06
3103,2.46797e+06,-558201
3104,-2.66989e+06,-561653
3105,2.5775e+06,-571713
3106,1.67219e+06,-1.8511e+06
3107,-2.21776e+06,-123834
3108,-1.06899e+06,2.32973e+06
3109,1.99792e+06,-1.03811e+06
3110,-287556,2.5709e+06
3111,-19260.8,-2.60541e+06
3112,2.6075e+06,508906
3113,-2.06501e+06,-1.61381e+06
3114,-308725,2.41982e+06
3115,2.76522e+06,-474317
3116,214991,2.52265e+06
3117,-1.05163e+06,2.84001e+06
3118,-393196,3.17787e+06
3119,1.948e+06,1.77206e+06
3120,2.42593e+06,-1.11865e+06
3121,218812,-2.52408e+06
3122,-1.73055e+06,-2.13267e+06
3123,-2.39109e+06,-739167
3124,-2.22054e+06,-1.35446e+06
3125,-699604,2.68651e+06
3126,-2.45693e+06,3829.65
3127,1.25476e+06,-2.45813e+06
3128,2.34375e+06,-300024
3129,-2.29382e+06,1.49196e+06
3130,1.06522e+06,2.48947e+06
3131,-2.602e+06,-758218
3132,671596,2.53124e+06
3133,894338,-2.33247e+06
3134,-790728,-2.88207e+06
3135,-1.99571e+06,1.6601e+06
3136,-1.19737e+06,2.14261e+06
3137,2.11891e+06,1.18358e+06
3138,-813315,2.47018e+06
3139,1.48727e+06,2.15306e+06
3140,-2.36885e+06,1.10844e+06
3141,2.27005e+06,1.22966e+06
3142,454378,-2.56189e+06
3143,312372,-2.74661e+06
3144,1.31814e+06,-2.30132e+06
3145,-1.62241e+06,-2.07079e+06
3146,-431501,2.515e+06
3147,2.65993e+06,1.06977e+06
3148,-1.17242e+06,-2.23349e+06
3149,-1.01302e+06,-2.32956e+06
3150,2.52788e+06,1.76818e+06
3151,2.59426e+06,-612016
3152,2.25031e+06,-1.02711e+06
3153,-1.52997e+06,2.12355e+06
3154,286276,2.5346e+06
3155,-1.4826e+06,-1.51608e+06
3156,2.08557e+06,1.58148e+06
3157,-1.86017e+06,-1.77405e+06
3158,1.15018e+06,-2.3497e+06
3159,-1.01166e+06,2.02107e+06
3160,-1.30674e+06,2.34459e+06
3161,-311769,-3.15095e+06
3162,997828,-2.41707e+06
3163,-1.73303e+06,-1.79684e+06
3164,-698909,-1.91248e+06
3165,2.45681e+06,44057.5
3166,-1.38527e+06,2.21182e+06
3167,1.38908e+06,-2.13606e+06
3168,-3.30646e+06,409994
3169,-2.56254e+06,400477
3170,2.44636e+06,-413656
3171,2.33573e+06,-936222
3172,-1.40781e+06,-2.36318e+06
3173,1.40651e+06,2.71282e+06
3174,1.99659e+06,-1.61556e+06
3175,1.58182e+06,1.97087e+06
3176,-753943,-2.81992e+06
3177,-1.93134e+06,1.92484e+06
3178,743460,-2.19748e+06
3179,-2.31842e+06,-899091
3180,2.07805e+06,-2.18689e+06
3181,-1.63572e+06,1.35547e+06
3182,-2.54575e+06,1.1227e+06
3183,479416,-2.50036e+06
3184,1.60248e+06,-2.40482e+06
3185,2.10537e+06,-1.55522e+06
3186,2.13581e+06,-1.41825e+06
3187,1.11328e+06,-1.70165e+06
3188,-1.22758e+06,2.23291e+06
3189,-232848,-2.69845e+06
3190,1.28606e+06,2.66213e+06
3191,-1.51718e+06,-1.66927e+06
3192,2.44253e+06,-1.44136e+06
3193,-611091,-2.63046e+06
3194,-2.76257e+06,377457
3195,-1.60683e+06,1.69738e+06
3196,495618,2.46068e+06
3197,-2.97619e+06,390439
3198,1.85502e+06,426348
3199,-1.89285e+06,1.15059e+06
3200,1.07719e+06,2.40197e+06
3201,1.48394e+06,1.97437e+06
3202,-1.81598e+06,1.67039e+06
3203,3.02743e+06,166100
3204,2.53421e+06,-186789
3205,2.02559e+06,1.31586e+06
3206,2.20481e+06,1.14023e+06
3207,-2.4507e+06,744463
3208,-2.3626e+06,-1.45959e+06
3209,-1.7819e+06,-425574
3210,1.44516e+06,2.01342e+06
3211,2.65198e+06,-245781
3212,1.13498e+06,2.16215e+06
3213,2.0252e+06,-584898
3214,1.68776e+06,-1.92515e+06
3215,-900565,2.47405e+06
3216,2.55443e+06,1.1524e+06
3217,461603,-2.08941e+06
3218,-2.51015e+06,-221040
3219,-2.23349e+06,1.16311e+06
3220,1.88856e+06,1.73483e+06
3221,554518,2.3473e+06
3222,693403,-2.7018e+06
3223,1.88144e+06,-1.63266e+06
3224,2.58184e+06,-1.26817e+06
3225,-27297.2,2.54122e+06
3226,-3.05188e+06,-519358
3227,-1.95331e+06,1.50847e+06
3228,-991766,2.21461e+06
3229,-924624,2.35833e+06
3230,1.74436e+06,-1.81947e+06
3231,2.46328e+06,-526981
3232,171492,2.39205e+06
3233,-1.95139e+06,-2.3575e+06
3234,-82825,2.55185e+06
3235,2.56087e+06,-717504
3236,-1.03831e+06,2.10668e+06
3237,1.17334e+06,2.24475e+06
3238,365485,2.45979e+06
3239,-1.46504e+06,2.12504e+06
3240,1.0355e+06,2.16932e+06
3241,-2.83184e+06,-775669
3242,-2.46542e+06,-650598
3243,1.96853e+06,1.12816e+06
3244,473551,-2.4699e+06
3245,1.77757e+06,-1.60267e+06
3246,-2.66893e+06,645092
3247,2.54712e+06,-311311
3248,-1.28757e+06,-2.11517e+06
3249,2.00786e+06,1.46881e+06
3250,-1.6466e+06,-1.88377e+06
3251,811881,2.37674e+06
3252,-915221,2.24946e+06
3253,-2.38979e+06,702086
3254,-942640,-2.36335e+06
3255,1.66537e+06,1.71877e+06
3256,-1.71463e+06,-1.73166e+06
3257,1.12267e+06,-2.25242e+06
3258,1.95649e+06,-1.56249e+06
3259,-2.77715e+06,1.00309e+06
3260,1.3595e+06,2.10693e+06
3261,-1.82757e+06,-1.44357e+06
3262,-2.42108e+06,-618785
3263,2.29111e+06,-932778
3264,2.09078e+06,-1.49662e+06
3265,-2.51586e+06,362434
3266,1.99565e+06,1.36558e+06
3267,-972318,-2.32894e+06
3268,1.77057e+06,1.07209e+06
3269,-1.22576e+06,-2.39155e+06
3270,-565351,2.61565e+06
3271,-1.48583e+06,-2.12596e+06
3272,1.43051e+06,2.22657e+06
3273,477997,2.39663e+06
3274,1.36386e+06,1.51454e+06
3275,2.48553e+06,399065
3276,-1.50807e+06,-85586.1
3277,-326792,-2.64351e+06
3278,2.57838e+06,-982566
3279,-2.2551e+06,1.23126e+06
3280,-368003,-2.52179e+06
3281,2.06361e+06,1.38729e+06
3282,676789,-2.41996e+06
3283,-933535,-2.45393e+06
3284,2.15545e+06,26000.8
3285,-40079,2.58005e+06
3286,2.20862e+06,-1.64563e+06
3287,-356028,2.2253e+06
3288,-1.48861e+06,1.97066e+06
3289,368945,2.62409e+06
3290,-2.46254e+06,443580
3291,2.62735e+06,184804
3292,2.69971e+06,-135708
3293,-963101,-2.0932e+06
3294,388310,-2.48511e+06
3295,1.242e+06,1.73972e+06
3296,-1.03901e+06,-2.22298e+06
3297,-2.2829e+06,913106
3298,-1.95303e+06,1.81667e+06
3299,750569,2.20995e+06
3300,-2.08179e+06,1.79032e+06
3301,2.08524e+06,1.68338e+06
3302,2.45553e+06,-532480
3303,-1.64645e+06,-1.79278e+06
3304,2.38966e+06,-677229
3305,-2.25266e+06,1.09083e+06
3306,2.20574e+06,1.33455e+06
3307,-777643,2.45026e+06
3308,1.68815e+06,1.79441e+06
3309,618327,2.01038e+06
3310,1.92182e+06,1.57419e+06
3311,1.27761e+06,-2.13047e+06
3312,754052,-2.12252e+06
3313,163423,-2.47703e+06
3314,-2.73651e+06,1.23546e+06
3315,-664629,2.43551e+06
3316,-1.89397e+06,-725682
3317,2.79679e+06,-391141
3318,-2.51467e+06,-965607
3319,-773678,-2.4117e+06
3320,-1.81221e+06,900979
3321,2.42482e+06,-106401
3322,2.08121e+06,149329
3323,37374.7,-2.68519e+06
3324,-2.28134e+06,-891846
3325,-1.31345e+06,2.20294e+06
3326,-3.00484e+06,154054
3327,-2.2257e+06,-1.34226e+06
3328,-2.21777e+06,-529475
3329,2.46634e+06,575944
3330,2.46319e+06,-216891
3331,37312,-2.46979e+06
3332,871927,-2.2995e+06
3333,2.05084e+06,-1.3774e+06
3334,-963544,2.44936e+06
3335,1.1583e+06,-2.14081e+06
3336,-1.8727e+06,1.55172e+06
3337,-1.85114e+06,-1.3326e+06
3338,2.17411e+06,-1.25751e+06
3339,1.9878e+06,-2.7733e+06
3340,-21938.8,2.53432e+06
3341,589355,2.3309e+06
3342,-182566,-2.41357e+06
3343,1.49956e+06,2.30788e+06
3344,-2.38205e+06,-373788
3345,113151,2.46197e+06
3346,705837,2.27303e+06
3347,-2.28295e+06,-532007
3348,-1.89502e+06,-1.60579e+06
3349,2.44883e+06,-608306
3350,1.76908e+06,-1.69564e+06
3351,2.94362e+06,-218205
3352,-786468,2.23035e+06
3353,-1.17292e+06,-2.22197e+06
3354,-2.42055e+06,1.39377e+06
3355,2.43606e+06,313352
3356,2.47479e+06,1.32832e+06
3357,-822710,2.22242e+06
3358,1.91813e+06,1.16293e+06
3359,1.67219e+06,73999.5
3360,-2.21283e+06,329421
3361,-2.43416e+06,850989
3362,945678,-2.21153e+06
3363,-884025,2.39026e+06
3364,-2.12176e+06,898837
3365,-913488,-1.88488e+06
3366,784243,-2.3573e+06
3367,-292346,2.40905e+06
3368,-1.36342e+06,1.64337e+06
3369,-1.13633e+06,2.06947e+06
3370,-1.49765e+06,-1.85837e+06
3371,2.23136e+06,971590
3372,-25400.9,-2.3978e+06
3373,-881435,2.87161e+06
3374,-2.44047e+06,293780
3375,2.31746e+06,721534
3376,-986492,2.48359e+06
3377,1.87197e+06,-1.57878e+06
3378,-1.8524e+06,1.78665e+06
3379,-1.28448e+06,1.97351e+06
3380,2.21416e+06,-1.17143e+06
3381,-2.60853e+06,-66475.5
3382,-2.16715e+06,950469
3383,-2.35688e+06,-509737
3384,-2.29959e+06,678665
3385,1.66114e+06,-1.51072e+06
3386,-1.56622e+06,-1.94675e+06
3387,-2.20517e+06,-924173
3388,-759733,-2.25697e+06
3389,1.68014e+06,2.04141e+06
3390,1.24282e+06,1.64218e+06
3391,-2.15122e+06,658334
3392,2.16795e+06,-1.11511e+06
3393,2.73439e+06,-976853
3394,1.80003e+06,1.56128e+06
3395,1.76791e+06,-1.96762e+06
3396,-1.27281e+06,-2.02004e+06
3397,2.03955e+06,1.06312e+06
3398,-2.36591e+06,-182235
3399,849804,1.85459e+06
3400,-2.30829e+06,130963
3401,-1.42597e+06,-1.956e+06
3402,2.634e+06,-286046
3403,-839896,2.31213e+06
3404,2.18452e+06,-1.45892e+06
3405,2.12765e+06,1.35325e+06
3406,-1.69432e+06,-1.52093e+06
3407,-2.02146e+06,1.52072e+06
3408,-2.29845e+06,609474
3409,1.65878e+06,1.955e+06
3410,-1.82029e+06,1.38374e+06
3411,146771,-2.53544e+06
3412,153284,-2.65764e+06
3413,662927,2.25424e+06
3414,-2.67648e+06,418366
3415,2.88587e+06,-1.56254e+06
3416,-1.79716e+06,-1.53739e+06
3417,-2.01456e+06,991121
3418,-2.43114e+06,453516
3419,473586,-2.32426e+06
3420,1.53901e+06,1.79935e+06
3421,-1.03997e+06,2.16794e+06
3422,-2.25499e+06,-954797
3423,-2.46902e+06,884501
3424,-922611,-2.05224e+06
3425,-1.01355e+06,2.16546e+06
3426,2.3655e+06,716185
3427,-745089,2.17537e+06
3428,1.49009e+06,2.23753e+06
3429,-903196,-2.03864e+06
3430,-1.86694e+06,-1.00755e+06
3431,2.41671e+06,207512
3432,-2.20729e+06,-864070
3433,-1.03141e+06,1.77893e+06
3434,1.95843e+06,-1.49653e+06
3435,1.22251e+06,-2.09702e+06
3436,-178872,1.95549e+06
3437,-1.96256e+06,1.25366e+06
3438,943639,2.23794e+06
3439,2.7491e+06,113693
3440,-2.49444e+06,-827782
3441,-110183,2.39838e+06
3442,2.23681e+06,764044
3443,-2.23951e+06,954785
3444,-797560,2.67279e+06
3445,1.09335e+06,-2.004e+06
3446,-1.2609e+06,1.74413e+06
3447,-1.10934e+06,1.93493e+06
3448,975489,-2.11416e+06
3449,1.91985e+06,1.39298e+06
3450,-2.25803e+06,-69724.4
3451,2.08972e+06,1.13486e+06
3452,-2.12155e+06,1.15774e+06
3453,-2.38538e+06,-590771
3454,379850,-2.3567e+06
3455,2.31885e+06,1.27765e+06
3456,1.5308e+06,-1.94165e+06
3457,2.63891e+06,330542
3458,-67163.2,-2.82447e+06
3459,2.33274e+06,-788506
3460,2.21168e+06,-172549
3461,653265,-2.28345e+06
3462,1.94849e+06,-1.23979e+06
3463,2.83069e+06,880742
3464,-933424,-2.71509e+06
3465,-1.77489e+06,1.61794e+06
3466,-69382.8,2.2128e+06
3467,-2.04706e+06,-188375
3468,250858,2.30385e+06
3469,2.18867e+06,945298
3470,-2.4291e+06,408404
3471,-615163,-2.31172e+06
3472,284182,2.32891e+06
3473,2.15355e+06,481202
3474,2.2719e+06,-139242
3475,-2.15648e+06,-564330
3476,633520,2.19058e+06
3477,-2.09156e+06,951296
3478,1.68562e+06,-1.44025e+06
3479,-1.47449e+06,1.78564e+06
3480,1.78751e+06,1.69898e+06
3481,1.07139e+06,-2.24383e+06
3482,1.2425e+06,-1.7047e+06
3483,-1.19807e+06,1.97232e+06
3484,1.46607e+06,-1.1996e+06
3485,-1.91117e+06,1.07585e+06
3486,-2.37265e+06,882142
3487,2.3778e+06,-327982
3488,774103,-2.29995e+06
3489,-2.0637e+06,-958192
3490,2.29228e+06,114513
3491,2.28833e+06,330977
3492,-2.20172e+06,985601
3493,-1.24131e+06,-2.06265e+06
3494,3.34645e+06,685504
3495,809007,-2.17147e+06
3496,-1.91287e+06,-1.766e+06
3497,-2.11782e+06,1.46399e+06
3498,470338,2.22673e+06
3499,-2.24298e+06,-743028
3500,-99487,2.45014e+06
3501,-2.31321e+06,598887
3502,-434373,-2.18782e+06
3503,-649446,2.25335e+06
3504,2.34607e+06,137230
3505,1.24875e+06,1.82418e+06
3506,-1.56211e+06,-1.62814e+06
3507,-573569,2.27583e+06
3508,-1.0328e+06,2.7506e+06
3509,828419,-2.22826e+06
3510,-285520,-2.29327e+06
3511,549062,-2.30189e+06
3512,-1.75357e+06,-1.64755e+06
3513,454429,2.57283e+06
3514,128244,2.33524e+06
3515,-329453,-2.35163e+06
3516,-2.35886e+06,104681
3517,638445,2.08166e+06
3518,-851596,-1.69398e+06
3519,2.28102e+06,383679
3520,1.7402e+06,1.46363e+06
3521,-1.3977e+06,-1.13537e+06
3522,-1.94637e+06,-953108
3523,-2.44418e+06,-43019.7
3524,-2.34689e+06,271836
3525,1.11809e+06,2.02163e+06
3526,-1.67899e+06,-1.16515e+06
3527,-92736.2,-2.36512e+06
3528,1.67876e+06,1.73376e+06
3529,2.26533e+06,-458674
3530,-1.37851e+06,-1.24295e+06
3531,-1.0619e+06,2.16622e+06
3532,417612,-2.32364e+06
3533,2.90135e+06,-492645
3534,-894087,2.2575e+06
3535,-2.16392e+06,1.09771e+06
3536,2.08873e+06,-1.17083e+06
3537,402906,1.60035e+06
3538,2.07362e+06,1.53741e+06
3539,868633,2.15353e+06
3540,-202834,-2.29489e+06
3541,-903432,-2.15688e+06
3542,1.76893e+06,-1.50964e+06
3543,832414,2.2995e+06
3544,1.52584e+06,-1.89176e+06
3545,1.51098e+06,1.80389e+06
3546,1.73337e+06,1.87629e+06
3547,-2.47946e+06,729092
3548,721261,2.10517e+06
3549,-2.13581e+06,1.06465e+06
3550,1.04239e+06,2.0719e+06
3551,1.33725e+06,2.05905e+06
3552,1.1457e+06,-2.16459e+06
3553,792446,2.46646e+06
3554,183376,1.92954e+06
3555,-2.16485e+06,2.42348e+06
3556,-2.1694e+06,960175
3557,299838,2.25739e+06
3558,-1.24025e+06,2.06542e+06
3559,-141947,-2.21755e+06
3560,2.07986e+06,1.1803e+06
3561,-2.36048e+06,-522811
3562,3.28055e+06,1.00981e+06
3563,-2.42255e+06,-578889
3564,-2.26997e+06,733063
3565,1.98278e+06,-1.24447e+06
3566,1.59738e+06,1.61132e+06
3567,2.04541e+06,1.22659e+06
3568,-458553,2.19034e+06
3569,126939,2.37238e+06
3570,120188,-2.26926e+06
3571,-786494,-2.25165e+06
3572,1.5888e+06,-1.55475e+06
3573,-1.65778e+06,1.62092e+06
3574,943955,-1.73694e+06
3575,-1.98754e+06,-2.22915e+06
3576,-1.4209e+06,-2.11135e+06
3577,-2.0242e+06,1.16681e+06
3578,-1.32812e+06,-1.95471e+06
3579,-180282,2.1771e+06
3580,-1.60285e+06,1.95914e+06
3581,1.44895e+06,1.79352e+06
3582,-1.46678e+06,1.69997e+06
3583,-1.68737e+06,-2.07405e+06
3584,889216,2.10398e+06
3585,-1.48612e+06,1.67398e+06
3586,-1.83496e+06,-1.15952e+06
3587,473968,2.33354e+06
3588,557490,2.11681e+06
3589,145020,2.32217e+06
3590,2.3129e+06,211257
3591,-1.68664e+06,-923666
3592,3200.76,2.2829e+06
3593,2.06064e+06,920700
3594,-2.11944e+06,-802092
3595,2.47081e+06,2.06106e+06
3596,450681,-2.20989e+06
3597,1.52142e+06,1.78824e+06
3598,1.10979e+06,-2.43658e+06
3599,2.18856e+06,-802273
3600,-1.7182e+06,-1.46802e+06
3601,2.03921e+06,1.68242e+06
3602,194050,2.88931e+06
3603,-2780.47,-2.28281e+06
3604,6217.85,-2.10266e+06
3605,-1.76012e+06,-586308
3606,-1.36489e+06,1.7701e+06
3607,2.08324e+06,-292885
3608,1.99702e+06,1.20385e+06
3609,-1.4545e+06,-1.80968e+06
3610,-191833,-2.26049e+06
3611,1.29697e+06,1.8552e+06
3612,-520841,2.25355e+06
3613,2.2867e+06,-514219
3614,1.90436e+06,-1.0478e+06
3615,-2.29146e+06,-1.51755e+06
3616,1.32696e+06,-2.03034e+06
3617,2.43979e+06,539628
3618,-2.00268e+06,-495153
3619,1.81221e+06,1.43478e+06
3620,1.77018e+06,-1.19043e+06
3621,-1.95181e+06,-1.50844e+06
3622,-1.49399e+06,1.32253e+06
3623,-1.77481e+06,1.43185e+06
3624,-1.07183e+06,2.30509e+06
3625,-1.89818e+06,-1.28329e+06
3626,-1.97388e+06,-635970
3627,-1.68164e+06,2.04397e+06
3628,-198059,2.23191e+06
3629,693593,2.11193e+06
3630,1.75347e+06,192923
3631,-285544,1.95967e+06
3632,1.06591e+06,1.91849e+06
3633,-2.08836e+06,1.56277e+06
3634,493193,2.24947e+06
3635,1.84492e+06,1.44315e+06
3636,-844163,-2.12346e+06
3637,-2.24489e+06,-57906.2
3638,1.19307e+06,2.05604e+06
3639,1.71524e+06,1.3338e+06
3640,-1.99011e+06,1.23625e+06
3641,1.70037e+06,1.00257e+06
3642,-2.20184e+06,-1.15885e+06
3643,-729120,2.30307e+06
3644,-964175,2.01044e+06
3645,2.3176e+06,-90813.4
3646,2.26129e+06,399580
3647,-1.34984e+06,1.86729e+06
3648,-2.04029e+06,-1.80948e+06
3649,-1.68141e+06,2.14221e+06
3650,-2.13903e+06,166356
3651,-2.13781e+06,785966
3652,-916651,-2.05621e+06
3653,-1.71612e+06,-1.38921e+06
3654,587577,2.1601e+06
3655,-266997,-2.23505e+06
3656,-1.97577e+06,-1.20042e+06
3657,-2.27417e+06,522130
3658,-1.51565e+06,1.71809e+06
3659,-2.10023e+06,942892
3660,-347146,-1.67723e+06
3661,1.60436e+06,1.42303e+06
3662,-881100,2.047e+06
3663,752715,2.19733e+06
3664,-365280,2.0251e+06
3665,-1.17607e+06,2.24447e+06
3666,2.27e+06,94549.8
3667,2.1245e+06,-407610
3668,244546,1.83733e+06
3669,-2.15166e+06,-590095
3670,-1.9562e+06,1.31814e+06
3671,-1.69423e+06,-1.42559e+06
3672,2.27642e+06,469477
3673,-1.02293e+06,-1.96037e+06
3674,-289509,2.23745e+06
3675,-880258,2.11498e+06
3676,161668,-2.43919e+06
3677,145739,2.25244e+06
3678,-2.06465e+06,286295
3679,2.65309e+06,232650
3680,-1.20137e+06,-1.86712e+06
3681,1.34559e+06,1.8799e+06
3682,2.26254e+06,9000.37
3683,-1.30725e+06,1.7556e+06
3684,-2.08409e+06,-806682
3685,-1.30927e+06,1.53255e+06
3686,-2.15816e+06,-557239
3687,1.77819e+06,2.21544e+06
3688,511856,691091
3689,1.88157e+06,1.20924e+06
3690,-2.36302e+06,-529398
3691,1.87382e+06,1.39319e+06
3692,6187.76,2.23324e+06
3693,-1.00607e+06,1.6247e+06
3694,-771199,-2.35224e+06
3695,350084,2.25708e+06
3696,2.09262e+06,581889
3697,-2.31013e+06,-450363
3698,-1.30506e+06,-1.64754e+06
3699,-247611,2.21383e+06
3700,73006.8,2.24634e+06
3701,-1.41038e+06,-909796
3702,-1.04732e+06,2.12179e+06
3703,1.05532e+06,-1.88844e+06
3704,772496,2.01474e+06
3705,-190311,-2.24313e+06
3706,1.32891e+06,-2.14354e+06
3707,-2.17004e+06,-430268
3708,-2.25335e+06,-326521
3709,-1.78808e+06,-484162
3710,-2.63499e+06,-128920
3711,-502864,2.24926e+06
3712,1.64065e+06,642513
3713,-2.40375e+06,-1.05478e+06
3714,-2.22446e+06,-735720
3715,1.36664e+06,-1.52303e+06
3716,227270,-2.22798e+06
3717,-2.10021e+06,580384
3718,-854903,2.02834e+06
3719,-1.90522e+06,-1.53556e+06
3720,1.87735e+06,-1.03247e+06
3721,2.15441e+06,576223
3722,676622,-2.10029e+06
3723,-1.178e+06,1.80478e+06
3724,-1.03111e+06,2.14529e+06
3725,-1.93031e+06,1.14464e+06
3726,417528,-2.72113e+06
3727,-2.22136e+06,-1.19674e+06
3728,1.84972e+06,-1.03791e+06
3729,-60237.8,-2.06898e+06
3730,970580,1.61795e+06
3731,2.25431e+06,-1.11026e+06
3732,-2.47527e+06,-300771
3733,2.32406e+06,1.27641e+06
3734,2.11614e+06,-895998
3735,849331,2.0485e+06
3736,431800,-2.31748e+06
3737,-286471,-2.25215e+06
3738,1.00733e+06,1.26457e+06
3739,2.41395e+06,300724
3740,-1.68964e+06,-1.45567e+06
3741,-259940,-2.22917e+06
3742,912847,-2.06718e+06
3743,2.00382e+06,790786
3744,2.51566e+06,1.44218e+06
3745,901586,-2.00775e+06
3746,-812910,-694516
3747,1.51101e+06,1.18162e+06
3748,1.00511e+06,-1.88031e+06
3749,243126,2.13298e+06
3750,-2.16324e+06,-501020
3751,1.46364e+06,1.89207e+06
3752,519332,2.18332e+06
3753,-1.49953e+06,-1.58108e+06
3754,-1.79057e+06,1.36674e+06
3755,-2.0129e+06,-1.0279e+06
3756,1.99272e+06,-997601
3757,-196458,-2.40584e+06
3758,2.24291e+06,37642.5
3759,1.58047e+06,1.60788e+06
3760,2.06217e+06,230185
3761,-742452,-2.35013e+06
3762,1.86593e+06,939346
3763,-664626,-2.07847e+06
3764,1.91473e+06,1.0967e+06
3765,1.03585e+06,-1.9663e+06
3766,-1.83791e+06,359378
3767,-1.51803e+06,1.66688e+06
3768,2.0417e+06,-663435
3769,-1.93549e+06,-1.29354e+06
3770,751777,-2.05958e+06
3771,1.98887e+06,321327
3772,-2.59588e+06,759311
3773,-629053,1.96157e+06
3774,-924141,-1.91393e+06
3775,-1.72202e+06,-1.39334e+06
3776,1.39447e+06,1.73223e+06
3777,-725681,1.71726e+06
3778,-1.89007e+06,1.16453e+06
3779,1.87272e+06,-943800
3780,1.39401e+06,2.47328e+06
3781,-1.91282e+06,1.07859e+06
3782,-1.86021e+06,1.05244e+06
3783,1.97061e+06,-569135
3784,364002,2.25881e+06
3785,-1.11855e+06,-2.41573e+06
3786,-2.64759e+06,81637.5
3787,1.51588e+06,-418398
3788,-1.17286e+06,-452354
3789,-2.05872e+06,-297836
3790,-2.01063e+06,201969
3791,-147795,2.39759e+06
3792,282827,-2.14387e+06
3793,1.8334e+06,1.87622e+06
3794,198054,1.98373e+06
3795,-39459.1,-2.27391e+06
3796,2.03226e+06,-991350
3797,723917,1.90451e+06
3798,-1.95885e+06,-1.07939e+06
3799,2.25744e+06,-94446.2
3800,2.53432e+06,-407285
3801,-738171,2.01327e+06
3802,1.64482e+06,426587
3803,-1.95134e+06,-1.1917e+06
3804,-1.39917e+06,-1.64598e+06
3805,-100227,2.18595e+06
3806,-1.39153e+06,1.62133e+06
3807,-2.1164e+06,194060
3808,-1.61417e+06,1.5192e+06
3809,2.15123e+06,-451757
3810,633145,-1.99617e+06
3811,1.98538e+06,-561576
3812,816310,-2.01093e+06
3813,736423,-1.89569e+06
3814,-22710.7,-2.15685e+06
3815,1.80528e+06,-1.32653e+06
3816,1.72252e+06,1.38495e+06
3817,-1.38069e+06,1.44076e+06
3818,1.46313e+06,1.5682e+06
3819,1.30061e+06,-1.87528e+06
3820,-368637,-2.11102e+06
3821,2.49528e+06,-99965.2
3822,-1.64898e+06,1.19537e+06
3823,-1.12799e+06,1.89306e+06
3824,456608,2.09883e+06
3825,-3254.6,-2.28188e+06
3826,79732.2,2.22115e+06
3827,1.62491e+06,1.53469e+06
3828,1.71025e+06,-1.75674e+06
3829,2.07661e+06,475899
3830,2.4385e+06,-1.33589e+06
3831,889791,-1.95089e+06
3832,-1.35182e+06,1.63314e+06
3833,-175742,2.17055e+06
3834,1.58629e+06,-1.44269e+06
3835,-339436,2.0689e+06
3836,2.25407e+06,780408
3837,-2.15387e+06,284749
3838,1.56709e+06,1.50572e+06
3839,517180,2.08826e+06
3840,-1.99708e+06,688667
3841,1.82425e+06,1.26528e+06
3842,1.35102e+06,-1.66471e+06
3843,287856,2.70331e+06
3844,-2.0849e+06,-802274
3845,1.89084e+06,-527506
3846,-1.98439e+06,270441
3847,1.02816e+06,-1.82361e+06
3848,-424598,2.09497e+06
3849,1.09116e+06,2.29729e+06
3850,-1.86449e+06,-1.41358e+06
3851,-1.90548e+06,-1.22369e+06
3852,789647,2.55378e+06
3853,192832,2.25283e+06
3854,-2.06721e+06,-1.37761e+06
3855,-1.30912e+06,1.73822e+06
3856,1.5513e+06,1.83967e+06
3857,-1.98696e+06,914907
3858,-1.61746e+06,1.41046e+06
3859,1.66908e+06,-1.73608e+06
3860,1.72387e+06,1.10272e+06
3861,1.33713e+06,-1.62033e+06
3862,1.67072e+06,1.28167e+06
3863,-2.11691e+06,527909
3864,-239227,2.17965e+06
3865,156645,2.22084e+06
3866,1.81602e+06,1.34077e+06
3867,-2.14127e+06,509307
3868,-468199,2.10848e+06
3869,1.8992e+06,-1.03203e+06
3870,1.921e+06,70556.4
3871,-1.08972e+06,1.68577e+06
3872,1.72685e+06,1.15221e+06
3873,351031,2.08967e+06
3874,-1.24023e+06,-1.14962e+06
3875,-789520,2.37783e+06
3876,-887211,-1.91989e+06
3877,924638,1.72164e+06
3878,1.52642e+06,-1.3762e+06
3879,-1.59697e+06,-2.52104e+06
3880,-1.85869e+06,1.14506e+06
3881,918879,1.95379e+06
3882,369402,-1.77394e+06
3883,2.01111e+06,-361468
3884,-2.02415e+06,-924179
3885,2.54838e+06,-224171
3886,-1.90097e+06,533022
3887,565457,2.0312e+06
3888,2.06582e+06,734613
3889,-2.10668e+06,482375
3890,-851016,1.98899e+06
3891,2.01025e+06,-231955
3892,-651053,-1.96462e+06
3893,-741948,-1.4979e+06
3894,-1.90348e+06,763775
3895,1.92399e+06,-716946
3896,-2.00041e+06,-782774
3897,-1.73078e+06,-1.31409e+06
3898,1.82655e+06,1.08795e+06
3899,-136378,2.20907e+06
3900,1.04328e+06,-1.9215e+06
3901,-1.33037e+06,1.62934e+06
3902,2.04062e+06,-483734
3903,-709249,-1.87743e+06
3904,-2.35758e+06,-167971
3905,-2.30185e+06,1.31257e+06
3906,-1.86718e+06,-720130
3907,-1.71549e+06,1.3136e+06
3908,-433905,2.13223e+06
3909,1.70998e+06,1.26337e+06
3910,-555601,-2.19664e+06
3911,1.32908e+06,-1.58899e+06
3912,1.76573e+06,1.28481e+06
3913,-613552,2.0458e+06
3914,1.18928e+06,-2.28678e+06
3915,1.17207e+06,-1.74632e+06
3916,2.0438e+06,314531
3917,854182,-2.12008e+06
3918,-739024,1.98329e+06
3919,1.74552e+06,1.05468e+06
3920,843986,2.01259e+06
3921,-1.95858e+06,-1.96225e+06
3922,289592,1.63013e+06
3923,188509,-2.04007e+06
3924,-1.46158e+06,-1.4379e+06
3925,1.15266e+06,-1.8176e+06
3926,-674354,-1.33124e+06
3927,-2.29384e+06,-727413
3928,2.10918e+06,549849
3929,-2.45418e+06,-1.64027e+06
3930,545096,1.98827e+06
3931,1.43334e+06,-1.36108e+06
3932,-409003,-1.97948e+06
3933,-467911,-1.69302e+06
3934,2.1849e+06,-332410
3935,-277264,-1.06675e+06
3936,-1.16934e+06,-1.73308e+06
3937,549052,1.90594e+06
3938,-1.02089e+06,-1.37362e+06
3939,1.96485e+06,-502490
3940,-1.73012e+06,-1.36641e+06
3941,961628,-1.98342e+06
3942,-984110,1.61984e+06
3943,-371056,1.78936e+06
3944,-1.67361e+06,-364783
3945,995791,1.34323e+06
3946,2.15866e+06,-1.13861e+06
3947,1.16997e+06,-1.90673e+06
3948,686041,1.50082e+06
3949,-58267,-2.05267e+06
3950,1.20287e+06,-1.71027e+06
3951,571414,-1.99269e+06
3952,1.86235e+06,1.97181e+06
3953,323490,-2.0653e+06
3954,-438586,1.75346e+06
3955,1.25461e+06,-1.6942e+06
3956,2.10707e+06,1.32239e+06
3957,-967687,1.91714e+06
3958,1.29736e+06,-1.34866e+06
3959,2.01237e+06,-50106.9
3960,1.73017e+06,-1.29921e+06
3961,-2.03213e+06,-252298
3962,980590,1.76725e+06
3963,1.28319e+06,-1.60058e+06
3964,785133,-2.06084e+06
3965,154152,2.2281e+06
3966,1.08795e+06,-1.80661e+06
3967,-2.32787e+06,-182254
3968,1.75527e+06,1.78627e+06
3969,-1.06101e+06,1.96202e+06
3970,392178,2.04815e+06
3971,2.09701e+06,-22210.4
3972,-1.8577e+06,807302
3973,1.32308e+06,-1.57267e+06
3974,862141,-1.69604e+06
3975,1.79001e+06,1.02113e+06
3976,-2.36123e+06,424275
3977,-2.03089e+06,-375114
3978,1.50709e+06,1.978e+06
3979,-1.23111e+06,-1.59472e+06
3980,-1.79976e+06,810267
3981,1.98837e+06,-528808
3982,-1.29724e+06,1.58309e+06
3983,738105,1.89215e+06
3984,-1.32007e+06,-960956
3985,2.00374e+06,-308104
3986,-2.03915e+06,156288
3987,1.10149e+06,-1.79408e+06
3988,-782212,1.93439e+06
3989,-9504.16,-2.09009e+06
3990,-816451,-1.86983e+06
3991,-337905,2.14264e+06
3992,-526915,2.21774e+06
3993,-1.68456e+06,-1.29796e+06
3994,-520219,1.57161e+06
3995,-1.82644e+06,1.58297e+06
3996,-1.26804e+06,2.10115e+06
3997,-1.27207e+06,-1.55583e+06
3998,1.3412e+06,299509
3999,-545128,-2.13994e+06
4000,846275,1.88634e+06
4001,1.62543e+06,1.58484e+06
4002,-1.50195e+06,-252370
4003,-2.08718e+06,446912
4004,2.09282e+06,663689
4005,-1.93835e+06,-937812
4006,528271,-2.01385e+06
4007,134923,-2.05542e+06
4008,-1.9208e+06,155009
4009,-771710,-1.15227e+06
4010,1.27757e+06,-1.48656e+06
4011,-223390,-2.12174e+06
4012,887765,-1.95607e+06
4013,-2.03881e+06,-845461
4014,-1.7343e+06,1.09658e+06
4015,1.33299e+06,-428905
4016,-1.16634e+06,1.66515e+06
4017,-1.68636e+06,-1.22185e+06
4018,-1.65338e+06,-1.00556e+06
4019,-2.07216e+06,-91524.1
4020,-1.18509e+06,2.12239e+06
4021,1.63046e+06,-340816
4022,2.80664e+06,702727
4023,1.80148e+06,-977670
4024,131966,-1.85394e+06
4025,2.00596e+06,-680769
4026,1.19609e+06,1.6786e+06
4027,1.13224e+06,2.0971e+06
4028,-1.73625e+06,922879
4029,1.42193e+06,630950
4030,-2.4798e+06,589648
4031,-1.78842e+06,-1.36598e+06
4032,1.79928e+06,902921
4033,-1.62793e+06,1.2781e+06
4034,-571093,-2.58015e+06
4035,329007,-2.02921e+06
4036,1.51955e+06,938261
4037,2.07982e+06,471643
4038,1.93158e+06,-1.35728e+06
4039,-1.75478e+06,525656
4040,113373,1.7343e+06
4041,1.91868e+06,-491587
4042,-2.08789e+06,563358
4043,-2.22311e+06,-1.54841e+06
4044,908330,2.11945e+06
4045,-1.36485e+06,-1.38881e+06
4046,770840,1.94285e+06
4047,-1.23868e+06,-1.63742e+06
4048,-2.0134e+06,-303269
4049,1.42559e+06,34965.6
4050,1.04562e+06,-2.24688e+06
4051,1.81106e+06,-919487
4052,1.03906e+06,-1.89561e+06
4053,-1.35007e+06,1.57457e+06
4054,-993287,1.62472e+06
4055,-1.05345e+06,-2.36855e+06
4056,957736,1.80995e+06
4057,-736062,-2.15594e+06
4058,2.00083e+06,333997
4059,-2.24303e+06,-815750
4060,1.72247e+06,1.09347e+06
4061,1.0012e+06,-2.03261e+06
4062,-1.90133e+06,761363
4063,1.9214e+06,648504
4064,1.49138e+06,1.25923e+06
4065,-1.5459e+06,1.26798e+06
4066,-842426,-1.827e+06
4067,853701,-1.78756e+06
4068,1.51193e+06,918467
4069,-861333,-1.90715e+06
4070,1.33939e+06,-1.51964e+06
4071,-589920,2.00396e+06
4072,-1.90343e+06,-1.67422e+06
4073,-1.77469e+06,1.02859e+06
4074,288930,1.94837e+06
4075,1.21646e+06,1.67713e+06
4076,-1.70093e+06,738633
4077,-677006,-1.66657e+06
4078,1.98724e+06,345666
4079,2.0546e+06,-9305.97
4080,926146,1.7575e+06
4081,-1.84529e+06,900691
4082,2.24457e+06,-643830
4083,-1.98861e+06,81315.6
4084,-1.04937e+06,1.59348e+06
4085,-2.40756e+06,1.06476e+06
4086,335449,2.03908e+06
4087,1.15422e+06,-1.53064e+06
4088,1.70923e+06,-1.65413e+06
4089,603012,-1.9695e+06
4090,43953.2,2.03275e+06
4091,554632,1.92e+06
4092,-689224,1.39049e+06
4093,-1.48452e+06,1.33864e+06
4094,1.30198e+06,1.53118e+06
4095,847726,1.82333e+06
4096,784836,1.87661e+06
4097,-157861,2.00805e+06
4098,-1.70466e+06,1.0968e+06
4099,350385,-1.60154e+06
4100,-444508,2.00554e+06
4101,170325,2.009e+06
4102,-169172,1.9682e+06
4103,-1.74049e+06,-547787
4104,1.98701e+06,-522294
4105,445758,1.86504e+06
4106,2.02719e+06,645597
4107,-933206,-2.01043e+06
4108,1.88416e+06,799682
4109,-674695,-1.67355e+06
4110,-1.05623e+06,-1.68221e+06
4111,-634094,-1.82026e+06
4112,-1.3002e+06,-1.48341e+06
4113,-267399,1.99816e+06
4114,1.93188e+06,413922
4115,2.14493e+06,-164472
4116,51754.6,-2.26564e+06
4117,-1.29588e+06,-1.30635e+06
4118,-1.07674e+06,1.61318e+06
4119,1.97901e+06,1.20672e+06
4120,-29316.1,1.86961e+06
4121,-86782.9,2.01009e+06
4122,1.3199e+06,-1.61302e+06
4123,-77785,2.0163e+06
4124,486859,1.76179e+06
4125,-1.67167e+06,-816378
4126,-2.05259e+06,462203
4127,1.0103e+06,1.78844e+06
4128,1.87617e+06,-406428
4129,-717749,-1.59942e+06
4130,1.91015e+06,714102
4131,747468,1.91184e+06
4132,292774,-1.99461e+06
4133,-788298,-1.78839e+06
4134,-1.27833e+06,-1.77612e+06
4135,1.8018e+06,835889
4136,12371.9,-2.05763e+06
4137,-1.73523e+06,-1.04342e+06
4138,1.84029e+06,-839558
4139,-1.03965e+06,-2.24418e+06
4140,113043,2.00386e+06
4141,1.27518e+06,1.43817e+06
4142,-856382,1.89801e+06
4143,-756051,-1.64102e+06
4144,-784575,1.82016e+06
4145,2.02741e+06,696013
4146,1.94667e+06,297343
4147,1.85539e+06,-210280
4148,-825768,1.79829e+06
4149,-1.4324e+06,-1.21272e+06
4150,-1.65635e+06,1.13429e+06
4151,-1.70491e+06,-1.0821e+06
4152,1.69239e+06,-455999
4153,-1.08094e+06,2.44374e+06
4154,1.59224e+06,-1.86972e+06
4155,-1.92715e+06,-384559
4156,552049,-1.85259e+06
4157,1.45757e+06,-1.49301e+06
4158,1.9766e+06,10468.3
4159,2.04133e+06,1.5443e+06
4160,1.6639e+06,-843246
4161,1.96053e+06,-41736.6
4162,350067,-2.00819e+06
4163,-2.166e+06,-1.21529e+06
4164,-1.52826e+06,1.5207e+06
4165,2.17802e+06,351422
4166,-172590,-2.00383e+06
4167,954103,-1.07198e+06
4168,-1.99951e+06,-43566.1
4169,493178,-1.93312e+06
4170,-1.58211e+06,796064
4171,-781563,-1.91943e+06
4172,-2.36355e+06,2.1066e+06
4173,1.93438e+06,225451
4174,-934822,-1.97039e+06
4175,616533,-1.87239e+06
4176,1.76433e+06,-966297
4177,1.01145e+06,-1.23556e+06
4178,-845334,1.667e+06
4179,-1.91828e+06,277911
4180,-1.93204e+06,457681
4181,1.14685e+06,1.69965e+06
4182,1.94004e+06,-569397
4183,439205,-1.93181e+06
4184,1.788e+06,969603
4185,-946390,1.54353e+06
4186,-94900.9,-1.73262e+06
4187,1.78372e+06,864722
4188,-1.87954e+06,-830788
4189,-1.15937e+06,-1.51765e+06
4190,1.4965e+06,1.22433e+06
4191,-968049,1.77999e+06
4192,-1.99121e+06,-537295
4193,-1.04282e+06,1.68909e+06
4194,110542,-2.00131e+06
4195,521564,2.36811e+06
4196,-1.78378e+06,426673
4197,-1.88256e+06,-705731
4198,1.96754e+06,-435954
4199,-16982.4,-2.19353e+06
4200,-1.23334e+06,-1.49773e+06
4201,-1.99306e+06,1.46526e+06
4202,1.37719e+06,1.78723e+06
4203,-1.85001e+06,-369263
4204,-1.16442e+06,1.66044e+06
4205,1.08898e+06,448509
4206,-1.22299e+06,-1.5287e+06
4207,1.09128e+06,1.39121e+06
4208,2.01464e+06,-259843
4209,-989890,-1.48567e+06
4210,-1.58111e+06,490052
4211,2.01285e+06,306022
4212,307499,2.00515e+06
4213,-1.86049e+06,80026.6
4214,-1.76301e+06,-1.00166e+06
4215,-970562,-1.63619e+06
4216,1.80962e+06,-909118
4217,-691436,1.8688e+06
4218,-1.69602e+06,-1.01374e+06
4219,-902486,-1.82438e+06
4220,1.36049e+06,1.46506e+06
4221,-1.02966e+06,-395842
4222,-620217,2.17229e+06
4223,1.30884e+06,-620675
4224,-1.91962e+06,533773
4225,1.16856e+06,-1.25508e+06
4226,1.79494e+06,-437037
4227,-1.8142e+06,-888738
4228,-71384.5,1.89045e+06
4229,-126598,1.99351e+06
4230,1.25499e+06,1.58011e+06
4231,1.10864e+06,-1.46717e+06
4232,-861083,-2.13473e+06
4233,1.85875e+06,-296216
4234,1.24462e+06,-1.50242e+06
4235,-1.39213e+06,1.34759e+06
4236,-1.02632e+06,-1.74034e+06
4237,542137,-1.73015e+06
4238,-1.00957e+06,1.65179e+06
4239,-687065,-2.19705e+06
4240,1.81734e+06,-768829
4241,-1.4248e+06,-1.3785e+06
4242,1.87841e+06,-654102
4243,1.07361e+06,-1.48141e+06
4244,1.76386e+06,891410
4245,-1.96104e+06,58893.8
4246,226491,1.86557e+06
4247,1.80545e+06,1.46638e+06
4248,930785,1.31266e+06
4249,-1.455e+06,-1.16076e+06
4250,-1.64967e+06,-574953
4251,455756,1.75943e+06
4252,-1.70511e+06,888102
4253,1.66283e+06,988077
4254,-1.9385e+06,35734.4
4255,-138331,1.53019e+06
4256,-1.97303e+06,-245701
4257,-860589,1.79099e+06
4258,-1.67758e+06,-1.20822e+06
4259,-590333,1.86151e+06
4260,-1.82902e+06,681552
4261,446341,-1.95911e+06
4262,-1.60569e+06,1.01865e+06
4263,-1.92463e+06,-287887
4264,-789519,1.80126e+06
4265,-1.85886e+06,655030
4266,-1.65646e+06,219826
4267,1.58288e+06,756930
4268,327949,1.99513e+06
4269,-2.1597e+06,-727313
4270,15097,-1.49553e+06
4271,339097,-1.9617e+06
4272,-1.24199e+06,-1.34826e+06
4273,-1.38815e+06,1.3029e+06
4274,-1.92206e+06,239223
4275,1.80042e+06,851572
4276,311240,2.50102e+06
4277,-730857,-1.86004e+06
4278,831714,1.79196e+06
4279,-989979,2.40931e+06
4280,96294.8,2.03007e+06
4281,1.85398e+06,127552
4282,-1.28438e+06,652234
4283,-1.69438e+06,825375
4284,771776,-1.78726e+06
4285,-1.93254e+06,-15420.5
4286,-1.61384e+06,1.2846e+06
4287,-1.81005e+06,-773081
4288,-1.30034e+06,556568
4289,-1.37833e+06,1.37579e+06
4290,218078,-2.08397e+06
4291,-275464,2.08042e+06
4292,1.88403e+06,-696659
4293,-1.31725e+06,-1.40016e+06
4294,575451,-1.95712e+06
4295,1.27418e+06,-1.71735e+06
4296,1.74455e+06,-1.04054e+06
4297,-1.53559e+06,-1.30141e+06
4298,1.75441e+06,141771
4299,-501532,1.26308e+06
4300,1.26928e+06,-502251
4301,1.81718e+06,-1.63397e+06
4302,1.85075e+06,106929
4303,1.11533e+06,-1.62978e+06
4304,732802,1.75218e+06
4305,-1.15531e+06,-1.32175e+06
4306,-1.86574e+06,-750374
4307,-1.08157e+06,1.65593e+06
4308,202912,2.43044e+06
4309,38828,2.04029e+06
4310,-89684.5,-1.8778e+06
4311,-1.29617e+06,1.47658e+06
4312,1.98859e+06,-92201.2
4313,2.41212e+06,-351108
4314,1.96045e+06,57724.1
4315,1.04573e+06,-1.6118e+06
4316,-546607,-1.4554e+06
4317,-1.27942e+06,-1.25526e+06
4318,-284370,1.72479e+06
4319,-1.91065e+06,10649.3
4320,1.65556e+06,-936978
4321,1.48033e+06,1.51281e+06
4322,-1.16369e+06,1.16303e+06
4323,-1.88068e+06,902401
4324,-1.91512e+06,-155839
4325,-1.46218e+06,-1.39299e+06
4326,709474,1.79939e+06
4327,-1.36935e+06,1.45787e+06
4328,1.85563e+06,454568
4329,2.13119e+06,-253763
4330,-2.38452e+06,927300
4331,1.34989e+06,1.3269e+06
4332,2.22872e+06,685048
4333,-1.7997e+06,1.19585e+06
4334,1.66196e+06,-938220
4335,842024,1.52905e+06
4336,1.52453e+06,276054
4337,55918,1.89535e+06
4338,2.15072e+06,518618
4339,1.17497e+06,1.33886e+06
4340,-1.96416e+06,-240999
4341,-1.88479e+06,181851
4342,1.33457e+06,1.05914e+06
4343,317178,1.45604e+06
4344,-1.4639e+06,-1.80211e+06
4345,2.25172e+06,-604389
4346,1.71434e+06,1.15991e+06
4347,2.16008e+06,-372355
4348,-2.05391e+06,1.0759e+06
4349,-326503,-1.88115e+06
4350,1.62613e+06,1.92519e+06
4351,802769,-1.55315e+06
4352,894513,1.68934e+06
4353,1.73409e+06,931523
4354,1.79743e+06,-435828
4355,-1.85073e+06,-333543
4356,-110028,1.70401e+06
4357,-1.54455e+06,-1.37474e+06
4358,-852888,1.71361e+06
4359,-1.54129e+06,76969.2
4360,629114,1.92507e+06
4361,-476710,1.85459e+06
4362,-689529,1.6968e+06
4363,1.14181e+06,1.6087e+06
4364,767573,-1.84459e+06
4365,-1.68509e+06,830825
4366,984425,1.47178e+06
4367,-1.51696e+06,-1.13421e+06
4368,-1.30866e+06,1.35996e+06
4369,-1.20898e+06,-1.68612e+06
4370,-1.8902e+06,713917
4371,-739048,-1.75817e+06
4372,2.19936e+06,-820521
4373,-1.76268e+06,-425465
4374,-2.34095e+06,-1.89021e+06
4375,1.90746e+06,-50369.2
4376,1.84898e+06,196102
4377,1.03757e+06,710248
4378,-665762,1.77812e+06
4379,-1.34996e+06,-1.43301e+06
4380,1.92114e+06,547299
4381,-478975,-2.00506e+06
4382,1.34975e+06,1.96318e+06
4383,-537461,-2.06064e+06
4384,-1.43188e+06,-1.32447e+06
4385,175155,2.07027e+06
4386,632374,1.85759e+06
4387,876069,-1.12121e+06
4388,-1.87688e+06,686217
4389,1.69241e+06,889308
4390,1.37413e+06,-1.20375e+06
4391,1.38354e+06,1.52778e+06
4392,1.60267e+06,830946
4393,74418.4,-1.92853e+06
4394,1.7409e+06,-743812
4395,849253,-1.37352e+06
4396,-1.46192e+06,701953
4397,-1.65493e+06,-814829
4398,871878,1.69567e+06
4399,1.89011e+06,970331
4400,593223,1.86815e+06
4401,-594291,1.58536e+06
4402,-1.70694e+06,270180
4403,2.15352e+06,928082
4404,-816560,-1.87816e+06
4405,1.05016e+06,1.61178e+06
4406,-1.82742e+06,413561
4407,-120575,1.56557e+06
4408,1.36787e+06,-490665
4409,-946022,-1.69819e+06
4410,1.51582e+06,-1.29078e+06
4411,-376981,1.87183e+06
4412,-625398,1.63225e+06
4413,-1.13711e+06,-1.38896e+06
4414,614329,-1.79082e+06
4415,-1.01706e+06,-1.71765e+06
4416,1.75643e+06,1.04112e+06
4417,1.6402e+06,885437
4418,-1.8172e+06,309914
4419,-2.32799e+06,-127165
4420,1.37604e+06,1.42981e+06
4421,26551,1.33469e+06
4422,1.92869e+06,235548
4423,1.18998e+06,-1.43074e+06
4424,-782523,-1.65667e+06
4425,-608010,1.74216e+06
4426,-233163,-2.079e+06
4427,1.12008e+06,1.45753e+06
4428,-968587,-1.80859e+06
4429,1.14989e+06,-1.59284e+06
4430,-120266,-1.80569e+06
4431,-2.04109e+06,158214
4432,876509,-2.19366e+06
4433,-1.70258e+06,400268
4434,1.14976e+06,-1.46475e+06
4435,-891042,1.62812e+06
4436,1.79458e+06,-60752
4437,942110,947353
4438,-1.84177e+06,448984
4439,536088,-1.84243e+06
4440,1.64296e+06,417641
4441,898474,1.61588e+06
4442,-1.29989e+06,875978
4443,1.61091e+06,986903
4444,1.15728e+06,-1.13249e+06
4445,-366893,2.06438e+06
4446,-967280,1.55424e+06
4447,1.80712e+06,19172
4448,-1.6639e+06,814918
4449,-1.5431e+06,1.02199e+06
4450,1.59294e+06,900996
4451,1.24942e+06,1.4219e+06
4452,1.61339e+06,-979634
4453,-2.07738e+06,-972572
4454,1.2592e+06,1.38312e+06
4455,-1.49062e+06,1.20199e+06
4456,-1.0298e+06,1.53489e+06
4457,1.73385e+06,880634
4458,-1.38951e+06,1.23643e+06
4459,-1.10382e+06,1.64332e+06
4460,-1.7774e+06,-715332
4461,-37161.4,-1.88769e+06
4462,-773467,1.73405e+06
4463,-1.47081e+06,1.19575e+06
4464,1.71255e+06,1.35244e+06
4465,200212,1.91438e+06
4466,252467,-1.84182e+06
4467,1.48746e+06,473631
4468,1.65158e+06,733644
4469,733602,2.33638e+06
4470,1.79043e+06,355193
4471,1.75613e+06,-714632
4472,-1.51188e+06,1.26824e+06
4473,902893,-1.05668e+06
4474,973447,1.66913e+06
4475,2.06534e+06,-702797
4476,-845589,1.67215e+06
4477,-418011,-1.61321e+06
4478,-2.30933e+06,1.22412e+06
4479,-1.78805e+06,-258590
4480,-62239.9,1.89644e+06
4481,-298777,1.84207e+06
4482,800886,1.72936e+06
4483,-818267,1.82651e+06
4484,-858225,561852
4485,1.88899e+06,-591732
4486,1.91833e+06,-363442
4487,1.43283e+06,-210103
4488,271307,-1.74941e+06
4489,-1.05172e+06,-1.56899e+06
4490,22334.2,1.91322e+06
4491,1.87331e+06,-398051
4492,-967383,-1.6306e+06
4493,-713246,-1.92409e+06
4494,209166,-1.87256e+06
4495,-1.94184e+06,461370
4496,-118191,1.88053e+06
4497,1.65321e+06,-849858
4498,1.56835e+06,25357.2
4499,1.74872e+06,545470
4500,1.25288e+06,-1.3231e+06
4501,-432864,1.81933e+06
4502,-444141,1.76678e+06
4503,1.2625e+06,-1.3805e+06
4504,-1.6261e+06,-874502
4505,-1.31004e+06,-1.43701e+06
4506,-1.8812e+06,-163385
4507,-1.61465e+06,929686
4508,-1.80954e+06,-240461
4509,-1.56986e+06,-1.03623e+06
4510,1.67689e+06,-825289
4511,-1.27282e+06,1.43816e+06
4512,-1.15579e+06,-1.47351e+06
4513,-1.39327e+06,1.02637e+06
4514,-265029,1.84945e+06
4515,-1.35575e+06,1.65407e+06
4516,1.73093e+06,1.29745e+06
4517,1.76493e+06,1.16474e+06
4518,-1.55759e+06,-357031
4519,148490,-1.83192e+06
4520,1.45691e+06,1.31417e+06
4521,1.71342e+06,-759238
4522,906968,-1.57127e+06
4523,-2.70213e+06,29454.4
4524,-763614,1.52224e+06
4525,1.39961e+06,890873
4526,1.70892e+06,-717839
4527,-1.21168e+06,1.25378e+06
4528,-694891,-1.74115e+06
4529,559191,-2.02836e+06
4530,29012.5,-1.85334e+06
4531,1.69252e+06,-632744
4532,1.49454e+06,-1.50591e+06
4533,-1.60252e+06,944050
4534,-1.59688e+06,981413
4535,-1.67471e+06,-764117
4536,245997,-1.68547e+06
4537,-1.47532e+06,1.10866e+06
4538,1.46579e+06,1.33869e+06
4539,-1.24522e+06,-1.36686e+06
4540,-688775,-1.78333e+06
4541,1.69442e+06,695593
4542,684799,-1.72346e+06
4543,-564922,-1.65113e+06
4544,-469660,1.68281e+06
4545,-1.85525e+06,5398.92
4546,-118714,-1.89358e+06
4547,-1.40075e+06,-188505
4548,-1.03045e+06,1.55744e+06
4549,-1.8036e+06,452220
4550,1.20289e+06,-1.28082e+06
4551,661243,1.67942e+06
4552,-593337,1.74018e+06
4553,1.45307e+06,1.03783e+06
4554,-1.49082e+06,1.07783e+06
4555,-1.53123e+06,-1.177e+06
4556,-166425,1.6189e+06
4557,448687,1.78735e+06
4558,-109313,1.70395e+06
4559,-998170,1.5374e+06
4560,-507603,1.63418e+06
4561,-1.39057e+06,874596
4562,1.77727e+06,272448
4563,-809770,1.21779e+06
4564,-1.78409e+06,-300220
4565,2.02481e+06,-163456
4566,-1.56384e+06,-978543
4567,-2.08673e+06,769625
4568,483135,1.91908e+06
4569,-1.85246e+06,61679.5
4570,-890814,1.6856e+06
4571,80179.7,1.86995e+06
4572,-639733,-2.05808e+06
4573,625175,-1.49015e+06
4574,603071,-1.61637e+06
4575,512753,-1.74565e+06
4576,1.69862e+06,383901
4577,1.28265e+06,-186613
4578,-474582,-1.77058e+06
4579,485964,-1.57673e+06
4580,1.04642e+06,1.53963e+06
4581,975012,-1.4262e+06
4582,2.33261e+06,-115615
4583,-1.45824e+06,-1.08142e+06
4584,1.42622e+06,-1.95074e+06
4585,-1.06118e+06,1.6707e+06
4586,-637353,-1.67993e+06
4587,1.46896e+06,1.08658e+06
4588,-1.27525e+06,-1.20221e+06
4589,-1.75887e+06,1.70373e+06
4590,-1.39365e+06,1.10927e+06
4591,-921749,1.65737e+06
4592,-1.17946e+06,1.20146e+06
4593,1.60431e+06,-1.17254e+06
4594,-1.91991e+06,-544827
4595,1.51687e+06,1.11558e+06
4596,-674892,1.73858e+06
4597,1.39938e+06,-1.06177e+06
4598,775548,1.31309e+06
4599,1.78616e+06,306416
4600,-1.25524e+06,1.31867e+06
4601,-204429,-1.62091e+06
4602,1.5209e+06,-1.36133e+06
4603,-671144,-1.70919e+06
4604,-1.786e+06,11919.8
4605,1.81457e+06,565934
4606,-1.02117e+06,-1.58962e+06
4607,818776,-1.4783e+06
4608,-97939,-1.32537e+06
4609,106283,-2.00447e+06
4610,-301690,-1.76948e+06
4611,576251,-2.03156e+06
4612,1.51845e+06,1.08605e+06
4613,170940,-1.66952e+06
4614,-560616,-1.37017e+06
4615,-1.46404e+06,-1.0243e+06
4616,1.38023e+06,-661230
4617,953116,-1.68227e+06
4618,-1.76512e+06,-69522.1
4619,1.82814e+06,-135321
4620,219613,-1.80302e+06
4621,1.08517e+06,1.50832e+06
4622,1.9864e+06,137947
4623,1.58432e+06,950476
4624,-600028,-1.96931e+06
4625,-981455,-1.69416e+06
4626,943093,-2.01896e+06
4627,-1.1217e+06,-19398.7
4628,-892577,1.24441e+06
4629,-1.38334e+06,924195
4630,1.86311e+06,253535
4631,-445112,1.74829e+06
4632,-1.6016e+06,1.4192e+06
4633,1.86903e+06,836326
4634,-141594,1.68304e+06
4635,1.12846e+06,-1.16649e+06
4636,1.20395e+06,-1.34436e+06
4637,-912953,-1.5668e+06
4638,-20852.2,2.00396e+06
4639,-653073,2.0584e+06
4640,-1.55968e+06,1.01125e+06
4641,1.65168e+06,783964
4642,-363677,-1.7542e+06
4643,645055,1.66362e+06
4644,-2.01098e+06,979889
4645,-503394,1.76705e+06
4646,-1.79276e+06,-362190
4647,1.81756e+06,-102615
4648,1.4272e+06,811838
4649,1.05449e+06,-1.2871e+06
4650,1.58379e+06,-516904
4651,-1.55175e+06,-862064
4652,1.27503e+06,1.33077e+06
4653,-1.21134e+06,1.26429e+06
4654,237844,-1.77872e+06
4655,1.31829e+06,-404845
4656,-776725,-1.64767e+06
4657,1.76676e+06,-1.34334e+06
4658,-1.2675e+06,-1.52381e+06
4659,199662,1.16668e+06
4660,-764420,1.89845e+06
4661,-667116,1.5016e+06
4662,-1.98801e+06,-632372
4663,-187316,1.6849e+06
4664,-1.60996e+06,-811352
4665,-866252,-1.65502e+06
4666,-768943,1.89312e+06
4667,-1.85216e+06,-284960
4668,-1.0694e+06,-1.147e+06
4669,585529,1.6416e+06
4670,-1.92609e+06,-871813
4671,1.4666e+06,1.08485e+06
4672,-1.30014e+06,-920539
4673,994271,1.5253e+06
4674,-1.74649e+06,352859
4675,556604,-1.69972e+06
4676,-1.76862e+06,142421
4677,1.41778e+06,-1.002e+06
4678,-1.37715e+06,-532299
4679,1.37471e+06,-71460.7
4680,-505665,1.78846e+06
4681,559223,-1.74473e+06
4682,863574,-1.6529e+06
4683,-2.10691e+06,776581
4684,-1.69592e+06,406204
4685,1.30607e+06,1.44541e+06
4686,-1.28673e+06,1.31565e+06
4687,-423031,1.8023e+06
4688,-178216,-1.7509e+06
4689,1.6006e+06,-606108
4690,1.58963e+06,1.17454e+06
4691,1.61434e+06,-13314.4
4692,-268988,1.81607e+06
4693,-389581,1.7441e+06
4694,1.81211e+06,-359957
4695,175483,-1.76668e+06
4696,-1.3985e+06,1.11692e+06
4697,-979730,1.45151e+06
4698,1.72881e+06,963601
4699,1.70102e+06,355786
4700,990930,-1.31403e+06
4701,241130,-1.82788e+06
4702,-1.77054e+06,-25840.8
4703,-431580,1.66892e+06
4704,269027,1.71349e+06
4705,557435,1.69109e+06
4706,-1.58846e+06,-229941
4707,1.1405e+06,-1.51564e+06
4708,2.72355e+06,-375343
4709,414898,-1.6092e+06
4710,693116,-1.65122e+06
4711,1.59165e+06,-544662
4712,-71827.7,1.81446e+06
4713,134971,-1.39071e+06
4714,-1.56226e+06,841434
4715,-1.09781e+06,1.28173e+06
4716,-1.18351e+06,1.40601e+06
4717,-550530,1.75339e+06
4718,-1.13813e+06,-1.16967e+06
4719,-254830,-1.57569e+06
4720,684992,1.01456e+06
4721,-1.57254e+06,-638220
4722,1.67766e+06,-700062
4723,-1.49436e+06,-635096
4724,929680,991160
4725,-2.1297e+06,252959
4726,273857,2.17717e+06
4727,1.97196e+06,-1.09119e+06
4728,1.9503e+06,1.36354e+06
4729,-1.3199e+06,-1.48512e+06
4730,-1.64894e+06,-647140
4731,-1.82372e+06,-62364
4732,620786,-1.65023e+06
4733,969823,1.39558e+06
4734,1.73809e+06,89839.2
4735,629763,1.68474e+06
4736,866831,-1.53658e+06
4737,-1.88602e+06,786315
4738,-691180,1.68481e+06
4739,1.50965e+06,876950
4740,-2.35491e+06,236705
4741,-1.51362e+06,439330
4742,857061,-2.00237e+06
4743,-2.11506e+06,924247
4744,1.64308e+06,587978
4745,1.2159e+06,1.53516e+06
4746,-1.30424e+06,1.44277e+06
4747,1.35833e+06,-1.16552e+06
4748,-276753,1.57083e+06
4749,677167,1.5227e+06
4750,-217980,1.53059e+06
4751,1.04688e+06,-1.48468e+06
4752,-1.68495e+06,51929.7
4753,-1.19487e+06,1.41153e+06
4754,-1.54775e+06,897942
4755,-1.56822e+06,-555573
4756,-1.1886e+06,2.0814e+06
4757,163783,1.77927e+06
4758,-1.35317e+06,736664
4759,-1.12026e+06,-1.29782e+06
4760,-862705,-1.71509e+06
4761,-1.79932e+06,53972
4762,1.50944e+06,787196
4763,-2.04229e+06,523299
4764,1.81517e+06,-607994
4765,-1.49985e+06,-873750
4766,-1.86431e+06,-349267
4767,1.52424e+06,814112
4768,-88555.3,-1.62724e+06
4769,-320801,1.75493e+06
4770,821167,-1.61675e+06
4771,-1.80394e+06,-383715
4772,-1.48261e+06,-767968
4773,-345662,-1.61631e+06
4774,-961971,708120
4775,-1.8438e+06,-490563
4776,262830,-1.7128e+06
4777,-1.62259e+06,-756229
4778,1.56741e+06,708750
4779,821875,1.44961e+06
4780,-1.19676e+06,-1.4551e+06
4781,1.49854e+06,-1.7056e+06
4782,1.63474e+06,-634019
4783,-955445,-594263
4784,-1.03399e+06,-1.32322e+06
4785,1.45213e+06,-949132
4786,1.75519e+06,-154981
4787,-616326,-1.75372e+06
4788,950971,1.43547e+06
4789,-349817,-1.7829e+06
4790,1.18708e+06,-1.56541e+06
4791,-1.2035e+06,1.36895e+06
4792,-146870,2.01001e+06
4793,322598,1.73192e+06
4794,315202,1.73622e+06
4795,767037,1.47204e+06
4796,-11126.2,1.78619e+06
4797,-871887,-1.47087e+06
4798,-374374,1.71806e+06
4799,-1.00648e+06,1.12915e+06
4800,1.43533e+06,566849
4801,-1.77072e+06,507370
4802,-1.28986e+06,251118
4803,-415673,1.7048e+06
4804,-2.00908e+06,-321275
4805,-1.71551e+06,420897
4806,539905,-1.7148e+06
4807,-80583,1.80541e+06
4808,-130970,-1.88072e+06
4809,195875,1.78038e+06
4810,-1.40745e+06,-1.6412e+06
4811,731932,-1.63785e+06
4812,875083,2.34583e+06
4813,-1.73092e+06,-637552
4814,-1.84372e+06,848535
4815,1.12492e+06,1.27663e+06
4816,202864,1.82935e+06
4817,-645053,-1.64425e+06
4818,-895240,-1.95446e+06
4819,1.48922e+06,-1.0965e+06
4820,1.7749e+06,-633329
4821,232966,-1.88397e+06
4822,1.58468e+06,-808462
4823,-1.21423e+06,1.28658e+06
4824,-44452.9,1.809e+06
4825,-69064.5,1.97493e+06
4826,-765280,1.10443e+06
4827,1.76674e+06,-110321
4828,2.14493e+06,240941
4829,-43762,-1.76745e+06
4830,-2.87498e+06,648935
4831,1.03243e+06,-1.37723e+06
4832,-164009,-1.68412e+06
4833,-1.50059e+06,885049
4834,-1.78441e+06,-435055
4835,1.48723e+06,1.75056e+06
4836,1.30764e+06,1.62402e+06
4837,-1.29504e+06,578371
4838,120662,-1.74488e+06
4839,919286,1.989e+06
4840,888471,-1.5818e+06
4841,1.22737e+06,-963052
4842,1.11872e+06,38323.7
4843,1.67669e+06,920293
4844,517101,-1.7257e+06
4845,-768388,-1.5913e+06
4846,-1.51609e+06,-675514
4847,-1.2509e+06,1.37876e+06
4848,1.53902e+06,-1.06174e+06
4849,564568,1.57106e+06
4850,-1.44893e+06,-983839
4851,2.06471e+06,-548701
4852,-1.23257e+06,-670602
4853,-1.57814e+06,-827878
4854,-208438,-1.83554e+06
4855,-1.02976e+06,-1.49706e+06
4856,1.95599e+06,-687406
4857,1.48097e+06,-807304
4858,-664440,-1.62852e+06
4859,-1.39359e+06,1.21003e+06
4860,1.32645e+06,-1.10649e+06
4861,1.66649e+06,-621252
4862,-1.36739e+06,736514
4863,1.20464e+06,-1.38506e+06
4864,-1.08128e+06,488224
4865,-471679,1.71257e+06
4866,359408,2.31963e+06
4867,-1.65286e+06,538980
4868,1.4094e+06,1.89275e+06
4869,-1.63078e+06,-603506
4870,216073,2.667e+06
4871,944816,1.21354e+06
4872,1.10008e+06,551963
4873,-1.12348e+06,-61505.6
4874,556502,-1.66237e+06
4875,1.41146e+06,1.06289e+06
4876,-1.56433e+06,-1.61991e+06
4877,1.31747e+06,-373082
4878,1.6598e+06,-1.40706e+06
4879,-567365,-1.32738e+06
4880,590028,1.69851e+06
4881,429511,2.1779e+06
4882,1.29539e+06,1.11446e+06
4883,-625808,1.96944e+06
4884,972803,1.40909e+06
4885,1.40934e+06,-1.02371e+06
4886,801660,-1.65103e+06
4887,1.51465e+06,892840
4888,1.2975e+06,-1.1689e+06
4889,-1.40403e+06,-1.54291e+06
4890,-1.57848e+06,-1.33674e+06
4891,-638093,1.66195e+06
4892,969996,1.43537e+06
4893,1.73783e+06,279386
4894,69439.7,1.41492e+06
4895,-1.40931e+06,-1.0249e+06
4896,-769536,-1.59732e+06
4897,457723,-1.91061e+06
4898,-689309,1.6372e+06
4899,-1.48059e+06,950961
4900,1.33431e+06,-928339
4901,-1.53627e+06,836098
4902,1.69135e+06,278402
4903,1.75324e+06,-230529
4904,-1.10429e+06,-598995
4905,-449366,-1.71248e+06
4906,-1.73834e+06,413405
4907,221386,-1.72055e+06
4908,-1.68145e+06,562593
4909,1.55711e+06,-762449
4910,-1.52491e+06,-825310
4911,876558,1.70064e+06
4912,1.61231e+06,768502
4913,1.68724e+06,624987
4914,1.73092e+06,-275048
4915,-1.31899e+06,-1.36208e+06
4916,1.97083e+06,-1.2642e+06
4917,-1.34839e+06,1.3002e+06
4918,-2.03216e+06,122224
4919,-1.7896e+06,-2.20803e+06
4920,1.54542e+06,871369
4921,440182,1.19072e+06
4922,-1.08523e+06,-1.41421e+06
4923,1.71555e+06,-63199.2
4924,1.10582e+06,-1.48292e+06
4925,-498984,1.74836e+06
4926,1.31972e+06,1.37199e+06
4927,-143878,-1.70484e+06
4928,1.08877e+06,-1.3422e+06
4929,716862,1.47259e+06
4930,1.81212e+06,-474143
4931,1.74465e+06,103002
4932,1.958e+06,-93923.7
4933,1.45332e+06,1.2877e+06
4934,1.13196e+06,1.01398e+06
4935,639295,-1.10837e+06
4936,1.62897e+06,607093
4937,-876534,1.50447e+06
4938,-1.78036e+06,501607
4939,-1.71929e+06,296051
4940,229135,-1.69785e+06
4941,1.51062e+06,-454125
4942,-502154,-1.44426e+06
4943,-959194,1.53324e+06
4944,1.68977e+06,461188
4945,1.15887e+06,-19601
4946,833131,844023
4947,-542034,1.70841e+06
4948,-356057,-1.83792e+06
4949,-56938.6,-1.89167e+06
4950,831042,1.57918e+06
4951,739339,1.63284e+06
4952,-2.05737e+06,-589742
4953,-1.33614e+06,-1.83875e+06
4954,-1.10184e+06,-1.31195e+06
4955,-1.43906e+06,1.06585e+06
4956,-673425,1.64165e+06
4957,1.40522e+06,1.00159e+06
4958,-343474,1.74567e+06
4959,1.29356e+06,-1.15571e+06
4960,1.59622e+06,-999886
4961,-445390,1.86625e+06
4962,-1.63087e+06,566819
4963,-1.8031e+06,-791004
4964,1.16437e+06,1.44468e+06
4965,-958371,1.21953e+06
4966,1.83124e+06,-443191
4967,-1.23853e+06,-724453
4968,-126895,1.79828e+06
4969,1.18118e+06,1.28805e+06
4970,-1.04692e+06,-1.4672e+06
4971,1.62362e+06,818340
4972,492299,1.30738e+06
4973,1.67306e+06,515715
4974,317783,-1.70929e+06
4975,858967,-1.52819e+06
4976,-445584,-1.6905e+06
4977,-1.18754e+06,-1.25898e+06
4978,1.77479e+06,523159
4979,1.21327e+06,1.67223e+06
4980,2.2086e+06,-213881
4981,603165,-1.61037e+06
4982,-1.4672e+06,981495
4983,545563,1.65366e+06
4984,-1.48196e+06,-842834
4985,-200286,-1.73106e+06
4986,-1.71312e+06,-540680
4987,-1.71514e+06,48391.9
4988,-1.53709e+06,-736099
4989,2.64676e+06,604541
4990,-1.06986e+06,1.40535e+06
4991,997963,-1.45154e+06
4992,1.59661e+06,492819
4993,-1.43399e+06,-902739
4994,155417,-1.70122e+06
4995,-63540.9,1.73097e+06
4996,-1.72262e+06,235849
4997,383897,1.81522e+06
4998,-1.70393e+06,357748
4999,-1.00611e+06,1.40785e+06
